date            rtn
19980102       0.041480
19980105      -0.002153
19980106      -0.012945
19980107      -0.029508
19980108       0.011261
19980109      -0.033408
19980112       0.026498
19980113       0.005612
19980114       0.017857
19980115       0.007675
19980116       0.007617
19980120       0.028078
19980121      -0.002101
19980122      -0.027368
19980123      -0.001082
19980126      -0.018418
19980127       0.046358
19980128       0.044304
19980129       0.030303
19980130      -0.010784
19980202       0.013875
19980203      -0.014663
19980204       0.024802
19980205      -0.002904
19980206       0.024272
19980209      -0.029384
19980210       0.011719
19980211       0.001931
19980212       0.005780
19980213      -0.005747
19980217       0.000963
19980218       0.008662
19980219      -0.000954
19980220       0.005731
19980223      -0.002849
19980224      -0.013333
19980225       0.030888
19980226      -0.003745
19980227      -0.009398
19980302      -0.009488
19980303      -0.011494
19980304       0.011628
19980305      -0.052682
19980306       0.041456
19980309      -0.049029
19980310       0.002552
19980311       0.020367
19980312       0.020958
19980313       0.009775
19980316      -0.002904
19980317       0.002913
19980318      -0.015489
19980319       0.011799
19980320      -0.010690
19980323       0.017682
19980324       0.047297
19980325       0.025806
19980326      -0.002695
19980327       0.000901
19980330      -0.028803
19980331       0.013902
19980401       0.013711
19980402       0.013526
19980403       0.006228
19980406      -0.023873
19980407       0.000000
19980408      -0.010870
19980409      -0.018315
19980413      -0.007463
19980414       0.017857
19980415       0.044321
19980416      -0.007073
19980417       0.003562
19980420       0.025732
19980421       0.022491
19980422      -0.003384
19980423      -0.026316
19980424       0.003487
19980427      -0.020851
19980428       0.006211
19980429       0.015873
19980430       0.017361
19980501       0.005119
19980504       0.017827
19980505      -0.017515
19980506       0.032258
19980507      -0.008224
19980508       0.004975
19980511      -0.013201
19980512       0.021739
19980513      -0.004910
19980514       0.000822
19980515       0.004108
19980518       0.018003
19980519       0.033963
19980520      -0.021963
19980521      -0.011129
19980522      -0.011254
19980526      -0.011382
19980527       0.023849
19980528      -0.004016
19980529      -0.024194
19980601      -0.027273
19980602       0.039082
19980603      -0.023712
19980604       0.030151
19980605       0.007317
19980608       0.000807
19980609       0.025806
19980610      -0.004717
19980611      -0.000790
19980612       0.000791
19980615      -0.011058
19980616       0.021565
19980617       0.009382
19980618       0.017816
19980619       0.012177
19980622       0.018045
19980623       0.026588
19980624       0.010791
19980625      -0.008541
19980626       0.032304
19980629       0.021558
19980630       0.002723
19980701       0.027155
19980702      -0.020489
19980706       0.004049
19980707      -0.002688
19980708       0.016173
19980709      -0.013926
19980710       0.000000
19980713       0.014122
19980714       0.006631
19980715       0.007246
19980716       0.001962
19980717       0.041775
19980720       0.034461
19980721      -0.041187
19980722      -0.004422
19980723       0.006345
19980724      -0.013871
19980727      -0.002558
19980728      -0.015385
19980729      -0.020833
19980730       0.047872
19980731      -0.027919
19980803       0.007833
19980804      -0.034974
19980805       0.038926
19980806       0.027132
19980807      -0.025157
19980810       0.023871
19980811      -0.011972
19980812       0.005740
19980813      -0.019023
19980814      -0.002586
19980817       0.017498
19980818       0.021019
19980819       0.010605
19980820       0.013580
19980821       0.001218
19980824       0.002433
19980825       0.009102
19980826      -0.003007
19980827      -0.043426
19980828      -0.044767
19980831      -0.135314
19980901       0.099237
19980902       0.018056
19980903      -0.010914
19980904      -0.015172
19980908       0.060224
19980909      -0.040291
19980910      -0.026153
19980911       0.048763
19980914       0.010108
19980915       0.031354
19980916       0.003234
19980917      -0.048356
19980918      -0.007114
19980921       0.019447
19980922       0.010040
19980923       0.053678
19980924      -0.019811
19980925       0.023099
19980928      -0.002822
19980929      -0.024528
19980930      -0.043520
19981001      -0.073812
19981002      -0.026201
19981005      -0.133408
19981006      -0.043984
19981007      -0.050068
19981008       0.064103
19981009       0.072289
19981012       0.046192
19981013      -0.032220
19981014       0.028360
19981015       0.092326
19981016      -0.027442
19981019       0.015801
19981020      -0.037778
19981021       0.064665
19981022       0.014100
19981023       0.004278
19981026       0.045793
19981027      -0.010183
19981028       0.034979
19981029      -0.002982
19981030       0.004985
19981102       0.026786
19981103      -0.020290
19981104       0.034517
19981105       0.034318
19981106      -0.005530
19981109      -0.006487
19981110       0.000000
19981111      -0.013993
19981112      -0.013245
19981113      -0.007670
19981116       0.034783
19981117       0.027077
19981118       0.060000
19981119       0.006003
19981120       0.017903
19981123       0.020938
19981124       0.000000
19981125       0.011485
19981127       0.038118
19981130      -0.057813
19981201       0.058043
19981202      -0.018809
19981203      -0.026358
19981204       0.027071
19981207       0.024760
19981208      -0.004677
19981209       0.011746
19981210       0.005418
19981211       0.028483
19981214      -0.037425
19981215       0.041991
19981216      -0.012687
19981217       0.026455
19981218       0.065538
19981221       0.046994
19981222      -0.009241
19981223       0.028648
19981224      -0.023964
19981228       0.000000
19981229      -0.007299
19981230      -0.008690
19981231       0.001349
19990104       0.026936
19990105       0.017049
19990106       0.029014
19990107       0.038847
19990108       0.029554
19990111      -0.018746
19990112      -0.062687
19990113      -0.022930
19990114       0.005215
19990115       0.055123
19990119       0.046097
19990120      -0.002350
19990121      -0.045347
19990122       0.014806
19990125       0.006079
19990126       0.035650
19990127      -0.034422
19990128       0.052568
19990129       0.024684
19990201       0.030812
19990202      -0.022690
19990203      -0.011261
19990204      -0.052868
19990205      -0.038005
19990208       0.006790
19990209      -0.058860
19990210       0.027362
19990211       0.064046
19990212      -0.055423
19990216       0.000000
19990217      -0.039748
19990218       0.011170
19990219       0.009747
19990222       0.050837
19990223       0.008573
19990224      -0.029144
19990225      -0.014384
19990226      -0.006980
19990301       0.016613
19990302      -0.037712
19990303      -0.005879
19990304       0.032852
19990305       0.026081
19990308       0.037198
19990309       0.007173
19990310      -0.008902
19990311       0.010778
19990312      -0.021327
19990315       0.016949
19990316       0.009524
19990317       0.000590
19990318       0.007661
19990319      -0.022222
19990322      -0.016746
19990323      -0.023723
19990324       0.041121
19990325       0.028725
19990326      -0.020942
19990329       0.045752
19990330      -0.000568
19990331      -0.003411
19990401       0.003423
19990405       0.040932
19990406       0.007100
19990407       0.030369
19990408      -0.009474
19990409       0.004251
19990412      -0.003175
19990413      -0.030786
19990414      -0.029573
19990415      -0.003950
19990416      -0.041926
19990419      -0.053814
19990420       0.015625
19990421       0.062769
19990422       0.048639
19990423       0.036996
19990426       0.002130
19990427      -0.021785
19990428      -0.028789
19990429      -0.022931
19990430       0.044648
19990503      -0.003836
19990504      -0.044004
19990505       0.021577
19990506      -0.036328
19990507       0.014611
19990510       0.006912
19990511       0.024027
19990512       0.061453
19990513      -0.008947
19990514      -0.019118
19990517       0.008663
19990518      -0.002147
19990519       0.003228
19990520      -0.015550
19990521      -0.013072
19990524      -0.034216
19990525      -0.045714
19990526       0.045509
19990527      -0.010309
19990528       0.009259
19990601      -0.017775
19990602       0.028605
19990603      -0.011918
19990604       0.055715
19990607       0.004353
19990608      -0.031961
19990609       0.018467
19990610      -0.029121
19990611       0.002264
19990614      -0.025974
19990615       0.031304
19990616       0.045531
19990617       0.009677
19990618       0.017039
19990621       0.031414
19990622      -0.033503
19990623       0.039916
19990624      -0.026263
19990625       0.017635
19990628       0.010194
19990629       0.009082
19990630       0.031000
19990701      -0.000970
19990702       0.041748
19990706      -0.005592
19990707      -0.006560
19990708       0.002830
19990709       0.009407
19990712      -0.021435
19990713      -0.005714
19990714       0.000958
19990715       0.019139
19990716      -0.008451
19990719      -0.016098
19990720      -0.041386
19990721       0.013052
19990722      -0.030723
19990723       0.029652
19990726      -0.029791
19990727       0.030706
19990728       0.005958
19990729      -0.024679
19990730       0.006073
19990802      -0.005030
19990803      -0.011122
19990804      -0.010225
19990805       0.016529
19990806       0.012195
19990809      -0.039157
19990810      -0.017764
19990811       0.071277
19990812      -0.019861
19990813       0.030395
19990816      -0.000983
19990817       0.011811
19990818      -0.014591
19990819      -0.016782
19990820       0.030120
19990823       0.025341
19990824       0.009506
19990825       0.033898
19990826       0.004554
19990827      -0.006346
19990830      -0.025547
19990831       0.015918
19990901       0.016590
19990902      -0.009973
19990903       0.039377
19990907      -0.007930
19990908      -0.020426
19990909       0.014506
19990910       0.011618
19990913      -0.000883
19990914       0.017683
19990915      -0.019983
19990916       0.000000
19990917       0.042553
19990920      -0.004252
19990921      -0.028181
19990922       0.015817
19990923      -0.039792
19990924      -0.005405
19990927      -0.012681
19990928       0.003670
19990929      -0.022852
19990930       0.026193
19991001       0.004558
19991004       0.023593
19991005       0.015957
19991006       0.004145
19991007      -0.014556
19991008       0.013228
19991011       0.008703
19991012      -0.009491
19991013      -0.020035
19991014      -0.013333
19991015      -0.031532
19991018       0.002791
19991019       0.000000
19991020       0.038033
19991021      -0.010724
19991022      -0.037940
19991025      -0.000939
19991026       0.011278
19991027       0.028810
19991028       0.025294
19991029       0.043172
19991101      -0.015203
19991102       0.008576
19991103      -0.027211
19991104      -0.020979
19991105       0.049107
19991108       0.025532
19991109      -0.014108
19991110       0.070707
19991111       0.053459
19991112      -0.003731
19991115      -0.007491
19991116       0.020377
19991117       0.002959
19991118       0.037611
19991119       0.002132
19991122      -0.007092
19991123       0.011429
19991124       0.044492
19991126       0.008114
19991129      -0.004695
19991130      -0.038410
19991201       0.025228
19991202       0.022556
19991203       0.022059
19991206       0.028123
19991207       0.033079
19991208      -0.015394
19991209      -0.013133
19991210       0.012041
19991213       0.013776
19991214      -0.032119
19991215      -0.021059
19991216       0.020860
19991217       0.018519
19991220       0.035737
19991221       0.007264
19991222      -0.014423
19991223       0.018902
19991227       0.007181
19991228       0.000000
19991229       0.008913
19991230       0.000589
19991231       0.008829
20000103       0.008751
20000104      -0.056102
20000105      -0.003064
20000106      -0.016595
20000107       0.058750
20000110       0.037190
20000111      -0.030165
20000112      -0.025235
20000113       0.022878
20000114       0.012949
20000118       0.041255
20000119       0.002790
20000120       0.000556
20000121       0.025584
20000124      -0.053688
20000125       0.028080
20000126      -0.044036
20000127      -0.005248
20000128      -0.025791
20000131       0.054152
20000201       0.075913
20000202      -0.033422
20000203       0.034577
20000204       0.028117
20000207       0.033540
20000208       0.004993
20000209       0.023845
20000210       0.055313
20000211      -0.036782
20000214      -0.003341
20000215      -0.019157
20000216      -0.006470
20000217       0.026170
20000218      -0.035920
20000222      -0.014903
20000223       0.118507
20000224      -0.009919
20000225      -0.032787
20000228      -0.016478
20000229       0.012446
20000301      -0.003783
20000302       0.008068
20000303       0.035311
20000306      -0.009550
20000307      -0.029844
20000308       0.002366
20000309       0.052408
20000310      -0.021086
20000313      -0.001375
20000314      -0.032584
20000315      -0.023719
20000316       0.023688
20000317       0.025276
20000320      -0.006481
20000321       0.050210
20000322       0.024958
20000323       0.077922
20000324       0.020080
20000327       0.008661
20000328      -0.027322
20000329      -0.023274
20000330      -0.032046
20000331       0.050085
20000403      -0.056589
20000404       0.002571
20000405      -0.013675
20000406      -0.004333
20000407       0.043516
20000410      -0.031693
20000411      -0.035314
20000412      -0.071429
20000413      -0.059615
20000414      -0.067485
20000417       0.166667
20000418       0.041353
20000419      -0.045126
20000420      -0.015123
20000424      -0.025912
20000425       0.040394
20000426       0.011364
20000427       0.033708
20000428       0.004755
20000501       0.030426
20000502      -0.048119
20000503      -0.028493
20000504      -0.036897
20000505       0.064833
20000508      -0.073801
20000509       0.000000
20000510      -0.067729
20000511       0.029915
20000512      -0.005187
20000515       0.001043
20000516       0.009375
20000517      -0.042312
20000518      -0.045259
20000519      -0.034989
20000522       0.033918
20000523      -0.085124
20000524       0.090572
20000525      -0.011338
20000526       0.008028
20000530       0.089875
20000531      -0.049061
20000601       0.070252
20000602       0.056410
20000605      -0.017476
20000606      -0.030632
20000607       0.025484
20000608       0.012922
20000609       0.010795
20000612      -0.034951
20000613       0.046278
20000614       0.002885
20000615       0.020134
20000616       0.019737
20000619       0.016590
20000620      -0.026292
20000621       0.004655
20000622      -0.042632
20000623      -0.030010
20000626       0.002994
20000627      -0.008955
20000628       0.021084
20000629      -0.037365
20000630       0.038815
20000703       0.016716
20000705      -0.042553
20000706       0.046465
20000707       0.009653
20000710      -0.034417
20000711      -0.015842
20000712       0.028169
20000713       0.021526
20000714       0.045977
20000717       0.020147
20000718      -0.034111
20000719      -0.006506
20000720       0.040225
20000721      -0.019784
20000724      -0.030275
20000725       0.031220
20000726       0.006422
20000727      -0.008204
20000728      -0.076287
20000731       0.041791
20000801      -0.034384
20000802      -0.035608
20000803       0.056410
20000804       0.018447
20000807       0.010486
20000808      -0.011321
20000809       0.035305
20000810      -0.065438
20000811       0.014793
20000814       0.002915
20000815      -0.020349
20000816      -0.001978
20000817       0.005946
20000818       0.000985
20000821       0.031496
20000822      -0.010496
20000823       0.036644
20000824      -0.010233
20000825      -0.015038
20000828       0.008588
20000829       0.007569
20000830       0.000000
20000831       0.030986
20000901      -0.000911
20000905      -0.037375
20000906      -0.026515
20000907       0.031128
20000908      -0.035849
20000911      -0.042074
20000912      -0.037794
20000913       0.041401
20000914      -0.001019
20000915       0.024490
20000918      -0.042829
20000919       0.032258
20000920       0.018145
20000921      -0.031683
20000922      -0.013292
20000925      -0.051813
20000926      -0.034973
20000927       0.038505
20000928       0.037077
20000929      -0.070452
20001002       0.004525
20001003       0.013514
20001004       0.041111
20001005      -0.017076
20001006      -0.023887
20001009      -0.044494
20001010      -0.047730
20001011       0.001222
20001012      -0.026862
20001013       0.125471
20001016      -0.027871
20001017       0.001147
20001018      -0.042383
20001019       0.114833
20001020      -0.016094
20001023      -0.025082
20001024      -0.017897
20001025      -0.077449
20001026       0.058025
20001027      -0.053676
20001030      -0.051788
20001031       0.120936
20001101      -0.032483
20001102       0.069544
20001103       0.017937
20001106      -0.028634
20001107       0.029478
20001108      -0.081498
20001109       0.021583
20001110      -0.059859
20001113       0.006242
20001114       0.054591
20001115       0.008235
20001116      -0.046674
20001117       0.033048
20001120      -0.028436
20001121       0.047561
20001122      -0.058207
20001124       0.042027
20001127      -0.027284
20001128      -0.004878
20001129       0.013480
20001130      -0.073761
20001201       0.013055
20001204      -0.055412
20001205       0.137790
20001206      -0.013189
20001207      -0.029162
20001208       0.048811
20001211       0.046539
20001212      -0.007982
20001213      -0.059770
20001214      -0.003667
20001215      -0.054294
20001218      -0.108660
20001219      -0.027656
20001220      -0.125749
20001221       0.065068
20001222       0.067524
20001226      -0.018072
20001227       0.000000
20001228      -0.029141
20001229      -0.033175
20010102      -0.129085
20010103       0.240150
20010104       0.013616
20010105      -0.125373
20010108      -0.002133
20010109       0.015819
20010110      -0.023569
20010111       0.079310
20010112      -0.027157
20010116       0.011494
20010117       0.012987
20010118       0.073718
20010119      -0.035821
20010122       0.026316
20010123       0.028658
20010124      -0.001466
20010125      -0.076358
20010126      -0.023847
20010129      -0.029316
20010130       0.020134
20010131      -0.014803
20010201       0.021703
20010202      -0.071895
20010205      -0.026408
20010206       0.034358
20010207      -0.131119
20010208      -0.034205
20010209      -0.060417
20010212       0.048780
20010213      -0.035941
20010214       0.030702
20010215       0.048936
20010216      -0.083164
20010220      -0.077434
20010221      -0.035971
20010222       0.052239
20010223       0.021277
20010226      -0.034722
20010227      -0.079137
20010228      -0.013021
20010301       0.034301
20010302      -0.094388
20010305       0.040141
20010306       0.039946
20010307       0.000000
20010308      -0.049479
20010309      -0.095890
20010312      -0.087879
20010313       0.136213
20010314      -0.052632
20010315       0.003086
20010316      -0.018462
20010319       0.043887
20010320      -0.084084
20010321       0.013115
20010322       0.022654
20010323      -0.053797
20010326      -0.043478
20010327       0.013986
20010328      -0.131034
20010329      -0.031746
20010330       0.036885
20010402      -0.047431
20010403      -0.087137
20010404      -0.004545
20010405       0.091324
20010406      -0.087866
20010409       0.063486
20010410       0.094548
20010411       0.097100
20010412       0.033333
20010416      -0.043381
20010417      -0.031395
20010418       0.076231
20010419       0.054657
20010420       0.012692
20010423      -0.095039
20010424      -0.061743
20010425      -0.032595
20010426      -0.033058
20010427       0.025641
20010430       0.088461
20010501       0.048292
20010502       0.123596
20010503      -0.067000
20010504       0.052519
20010507      -0.019857
20010508       0.058701
20010509      -0.061335
20010510      -0.015682
20010511       0.011683
20010514      -0.025197
20010515       0.009155
20010516       0.067236
20010517      -0.007000
20010518       0.017120
20010521       0.132178
20010522       0.026672
20010523      -0.047700
20010524       0.024597
20010525      -0.037538
20010529      -0.072109
20010530      -0.071359
20010531       0.013684
20010601      -0.021288
20010604       0.046684
20010605       0.091739
20010606      -0.036212
20010607       0.051060
20010608      -0.060953
20010611      -0.005369
20010612      -0.000491
20010613      -0.066274
20010614      -0.067298
20010615      -0.061443
20010618      -0.009009
20010619       0.008485
20010620      -0.014423
20010621       0.078049
20010622      -0.009050
20010625       0.056507
20010626      -0.026472
20010627      -0.004994
20010628       0.036252
20010629      -0.020452
20010702       0.056044
20010703      -0.001561
20010705      -0.083898
20010706      -0.044937
20010709       0.027397
20010710      -0.060870
20010711       0.030864
20010712       0.069461
20010713       0.049272
20010716      -0.054963
20010717       0.004517
20010718      -0.035975
20010719       0.035569
20010720       0.012950
20010723       0.015564
20010724       0.006021
20010725       0.017410
20010726       0.036364
20010727      -0.016512
20010730      -0.008919
20010731       0.017470
20010801       0.056191
20010802      -0.002463
20010803      -0.009877
20010806      -0.025436
20010807      -0.014330
20010808      -0.066459
20010809       0.017241
20010810       0.002187
20010813      -0.006547
20010814      -0.030752
20010815      -0.036827
20010816       0.028235
20010817      -0.049771
20010820       0.017459
20010821      -0.052663
20010822       0.029357
20010823       0.016990
20010824       0.088902
20010827      -0.013151
20010828      -0.051083
20010829      -0.000585
20010830      -0.062646
20010831       0.019987
20010904      -0.034293
20010905      -0.056436
20010906      -0.032258
20010907      -0.002778
20010910       0.007660
20010917      -0.032481
20010918      -0.030714
20010919      -0.005895
20010920      -0.045219
20010921      -0.061335
20010924       0.038875
20010925       0.003185
20010926      -0.029365
20010927      -0.080948
20010928       0.083630
20011001      -0.022989
20011002      -0.035294
20011003       0.215157
20011004       0.033692
20011005       0.036061
20011008       0.007363
20011009      -0.030565
20011010       0.038382
20011011       0.086469
20011012       0.029769
20011015      -0.043658
20011016       0.046885
20011017      -0.080731
20011018       0.071795
20011019       0.000000
20011022       0.006579
20011023      -0.024955
20011024       0.049970
20011025       0.029600
20011026      -0.025366
20011029      -0.050318
20011030       0.009135
20011031       0.021123
20011101       0.043735
20011102      -0.022650
20011105       0.037080
20011106       0.031844
20011107       0.024905
20011108       0.008452
20011109       0.005762
20011112       0.003125
20011113       0.016615
20011114       0.015832
20011115       0.012569
20011116      -0.005958
20011119       0.034465
20011120      -0.044423
20011121      -0.032340
20011123       0.022977
20011126       0.017356
20011127      -0.011540
20011128      -0.041624
20011129       0.053496
20011130       0.027652
20011203      -0.028376
20011204       0.033233
20011205       0.049708
20011206       0.011606
20011207      -0.028912
20011210      -0.019849
20011211       0.001929
20011212      -0.013475
20011213      -0.072683
20011214       0.019989
20011217      -0.006704
20011218       0.018692
20011219      -0.013761
20011220      -0.054780
20011221      -0.005467
20011224      -0.004398
20011226       0.007178
20011227       0.013706
20011228       0.002704
20011231      -0.023193
20020102       0.061844
20020103       0.079563
20020104       0.003372
20020107      -0.014402
20020108       0.020458
20020109      -0.004773
20020110       0.007194
20020111      -0.037619
20020114      -0.028699
20020115       0.002547
20020116      -0.037602
20020117       0.028511
20020118      -0.032341
20020122      -0.041910
20020123       0.048173
20020124       0.006339
20020125       0.004199
20020128       0.029796
20020129      -0.035025
20020130       0.017359
20020131       0.023785
20020201      -0.029798
20020204      -0.046851
20020205       0.010377
20020206       0.005946
20020207      -0.083289
20020208      -0.017585
20020211       0.055489
20020212      -0.024308
20020213       0.015064
20020214      -0.003425
20020215      -0.021191
20020219      -0.016384
20020220      -0.007139
20020221      -0.094668
20020222       0.008604
20020225       0.023622
20020226      -0.006410
20020227      -0.081290
20020228       0.002107
20020301       0.051156
20020304       0.098667
20020305       0.001820
20020306       0.015748
20020307       0.013715
20020308       0.047059
20020311      -0.021348
20020312      -0.037313
20020313      -0.024448
20020314       0.023227
20020315      -0.011947
20020318      -0.001209
20020319       0.013317
20020320      -0.043011
20020321       0.029338
20020322       0.004851
20020325      -0.023536
20020326       0.029048
20020327      -0.018619
20020328       0.036108
20020401       0.034849
20020402      -0.062785
20020403       0.010962
20020404       0.016265
20020405      -0.042679
20020408       0.001858
20020409      -0.084054
20020410       0.049258
20020411      -0.043730
20020412       0.028917
20020415      -0.018954
20020416       0.037975
20020417       0.025032
20020418      -0.033187
20020419      -0.011658
20020422      -0.025557
20020423      -0.057835
20020424       0.029979
20020425       0.011088
20020426      -0.046607
20020429       0.015816
20020430       0.036801
20020501      -0.064846
20020502      -0.004380
20020503      -0.036657
20020506      -0.019026
20020507       0.014740
20020508       0.243884
20020509      -0.031961
20020510      -0.020952
20020513       0.018158
20020514       0.047771
20020515       0.006687
20020516       0.027174
20020517       0.014109
20020520      -0.038841
20020521      -0.025332
20020522       0.024752
20020523       0.020531
20020524      -0.019527
20020528      -0.011467
20020529      -0.044567
20020530       0.023003
20020531      -0.014366
20020603      -0.028517
20020604       0.048924
20020605      -0.009950
20020606      -0.028894
20020607       0.017464
20020610      -0.016529
20020611      -0.031028
20020612       0.020013
20020613      -0.026161
20020614      -0.039624
20020617       0.053846
20020618      -0.023888
20020619      -0.014956
20020620      -0.028295
20020621      -0.024148
20020624       0.023290
20020625      -0.043386
20020626      -0.001487
20020627       0.029039
20020628       0.009407
20020701      -0.061649
20020702      -0.040489
20020703       0.038217
20020705       0.077454
20020708      -0.027046
20020709      -0.038771
20020710       0.028158
20020711       0.039970
20020712       0.023488
20020715       0.004172
20020716      -0.011773
20020717       0.037141
20020718      -0.031081
20020719      -0.048117
20020722      -0.049084
20020723      -0.036980
20020724       0.047200
20020725      -0.113063
20020726       0.018088
20020729       0.126058
20020730       0.002254
20020731      -0.011244
20020801      -0.082638
20020802      -0.017355
20020805      -0.044575
20020806       0.062500
20020807       0.076222
20020808       0.016166
20020809      -0.006061
20020812       0.022104
20020813      -0.002983
20020814       0.073298
20020815       0.000697
20020816       0.006267
20020819       0.018685
20020820       0.000679
20020821       0.025798
20020822      -0.000662
20020823      -0.043046
20020826       0.002768
20020827      -0.032436
20020828      -0.021398
20020829       0.034985
20020830      -0.026761
20020903      -0.054269
20020904       0.015302
20020905      -0.037679
20020906       0.020360
20020909      -0.005372
20020910       0.036265
20020911       0.010424
20020912      -0.039057
20020913       0.000767
20020916      -0.009195
20020917      -0.030162
20020918      -0.019936
20020919      -0.023596
20020920       0.006667
20020923      -0.009934
20020924      -0.044314
20020925       0.046369
20020926      -0.050167
20020927      -0.011356
20020930      -0.066869
20021001       0.043893
20021002      -0.081353
20021003      -0.022886
20021004      -0.036660
20021007      -0.040169
20021008      -0.052863
20021009       0.073256
20021010       0.056230
20021011       0.058570
20021014      -0.031977
20021015       0.100100
20021016      -0.107370
20021017       0.036697
20021018       0.035398
20021021       0.039886
20021022       0.024658
20021023       0.003565
20021024       0.043517
20021025       0.002553
20021028      -0.074703
20021029      -0.027523
20021030       0.029245
20021031       0.024748
20021101       0.038461
20021104       0.060293
20021105       0.030869
20021106       0.021277
20021107      -0.047068
20021108       0.017004
20021111      -0.031847
20021112       0.058388
20021113       0.042735
20021114       0.043219
20021115       0.005714
20021118      -0.012074
20021119      -0.017973
20021120       0.052709
20021121       0.059805
20021122      -0.022966
20021125       0.000000
20021126      -0.029550
20021127       0.026298
20021129       0.006069
20021202       0.009450
20021203      -0.035921
20021204      -0.006198
20021205      -0.022176
20021206       0.004961
20021209      -0.047955
20021210       0.031852
20021211      -0.005743
20021212       0.018773
20021213      -0.050319
20021216       0.022388
20021217      -0.002920
20021218      -0.032211
20021219      -0.016641
20021220       0.020769
20021223       0.012811
20021224      -0.006696
20021226      -0.018727
20021227      -0.006870
20021230      -0.003075
20021231       0.010023
20030102       0.041221
20030103       0.019795
20030106       0.020848
20030107       0.028169
20030108      -0.010959
20030109       0.035319
20030110       0.018060
20030113       0.003942
20030114       0.019634
20030115      -0.025674
20030116      -0.018445
20030117      -0.051678
20030121       0.003680
20030122      -0.015654
20030123       0.045129
20030124      -0.050034
20030127      -0.010822
20030128       0.037199
20030129      -0.009845
20030130      -0.014915
20030131      -0.036049
20030203       0.008227
20030204      -0.020771
20030205       0.000000
20030206       0.003182
20030207      -0.029603
20030210       0.023346
20030211       0.024335
20030212      -0.020045
20030213       0.008333
20030214       0.027799
20030218       0.046053
20030219       0.007687
20030220      -0.011096
20030221       0.028752
20030224      -0.017042
20030225      -0.023578
20030226      -0.040483
20030227       0.017765
20030228       0.016727
20030303      -0.018598
20030304      -0.006560
20030305       0.008070
20030306      -0.018923
20030307      -0.017804
20030310      -0.017372
20030311       0.000769
20030312      -0.025346
20030313       0.057526
20030314      -0.001490
20030317       0.054478
20030318       0.004954
20030319       0.001408
20030320      -0.012658
20030321      -0.009972
20030324      -0.028058
20030325       0.015544
20030326      -0.004373
20030327      -0.011713
20030328      -0.020741
20030331      -0.018154
20030401       0.000000
20030402       0.050848
20030403       0.000000
20030404       0.005132
20030407      -0.010212
20030408      -0.010317
20030409      -0.029039
20030410       0.000000
20030411       0.013037
20030414       0.019682
20030415      -0.009651
20030416       0.016492
20030417       0.028761
20030421      -0.000717
20030422       0.027260
20030423       0.000698
20030424       0.001396
20030425      -0.000697
20030428       0.044630
20030429       0.010681
20030430      -0.009247
20030501       0.008000
20030502       0.009921
20030505       0.007793
20030506       0.033206
20030507      -0.026415
20030508      -0.016796
20030509       0.047963
20030512       0.045141
20030513      -0.011998
20030514      -0.003036
20030515       0.020097
20030516      -0.007164
20030519      -0.041491
20030520       0.003137
20030521      -0.018136
20030522       0.014013
20030523      -0.014447
20030527       0.029318
20030528       0.008050
20030529       0.020885
20030530      -0.012635
20030602       0.023766
20030603       0.012500
20030604       0.021164
20030605      -0.000058
20030606      -0.000518
20030609      -0.007489
20030610       0.009867
20030611       0.011494
20030612       0.010227
20030613      -0.020810
20030616       0.032625
20030617       0.000111
20030618       0.041713
20030619      -0.009076
20030620      -0.033944
20030623      -0.038483
20030624      -0.028480
20030625       0.007224
20030626       0.015412
20030627      -0.014010
20030630      -0.005921
20030701       0.026802
20030702       0.035963
20030703      -0.019037
20030707       0.039954
20030708       0.027991
20030709       0.003737
20030710      -0.026064
20030711       0.014200
20030714       0.002154
20030715      -0.005373
20030716      -0.015127
20030717      -0.025782
20030718       0.007263
20030721       0.002292
20030722       0.041272
20030723       0.011248
20030724      -0.015890
20030725       0.026911
20030728       0.000000
20030729       0.004193
20030730       0.006263
20030731       0.010892
20030801      -0.017445
20030804       0.005744
20030805      -0.020768
20030806      -0.064157
20030807      -0.006799
20030808       0.002852
20030811       0.007395
20030812       0.006776
20030813      -0.013460
20030814       0.011939
20030815      -0.000562
20030818       0.026981
20030819       0.015326
20030820       0.001132
20030821       0.016100
20030822      -0.004240
20030825       0.010112
20030826       0.006322
20030827      -0.004712
20030828       0.009469
20030829      -0.002606
20030902       0.023511
20030903       0.033180
20030904       0.017293
20030905      -0.008256
20030908       0.021548
20030909      -0.003835
20030910      -0.015399
20030911       0.012219
20030912      -0.002414
20030915      -0.013069
20030916       0.044139
20030917      -0.007046
20030918       0.013245
20030919      -0.018674
20030922      -0.011418
20030923       0.017806
20030924      -0.039243
20030925      -0.012795
20030926      -0.004985
20030929       0.012024
20030930      -0.030198
20031001       0.031138
20031002      -0.010396
20031003       0.038519
20031006       0.001927
20031007       0.009615
20031008      -0.010000
20031009       0.007696
20031010      -0.007637
20031013       0.010101
20031014       0.006667
20031015      -0.005676
20031016       0.000951
20031017      -0.019011
20031020       0.021318
20031021       0.001423
20031022      -0.022738
20031023      -0.022782
20031024      -0.017857
20031027       0.006566
20031028       0.048670
20031029      -0.003828
20031030       0.001921
20031031       0.003356
20031103       0.037267
20031104      -0.005988
20031105       0.010195
20031106       0.050459
20031107      -0.024454
20031110      -0.006714
20031111       0.007210
20031112       0.027740
20031113      -0.011754
20031114      -0.019383
20031117      -0.009434
20031118      -0.014512
20031119       0.014726
20031120      -0.004989
20031121       0.010483
20031124       0.028417
20031125      -0.007895
20031126       0.008400
20031128      -0.004822
20031201       0.021145
20031202      -0.003020
20031203       0.008221
20031204       0.029185
20031205      -0.009591
20031208       0.022737
20031209      -0.043639
20031210       0.023676
20031211       0.006308
20031212       0.006686
20031215      -0.004566
20031216      -0.008757
20031217      -0.011780
20031218       0.028949
20031219      -0.015722
20031222       0.007986
20031223      -0.001668
20031224      -0.002924
20031226      -0.005027
20031229       0.027368
20031230      -0.011475
20031231       0.004560
20040102       0.000825
20040105       0.021443
20040106       0.011708
20040107       0.019952
20040108       0.030516
20040109       0.005315
20040112       0.020770
20040113      -0.005179
20040114       0.018966
20040115      -0.008759
20040116       0.072533
20040120      -0.009269
20040121      -0.009009
20040122      -0.013287
20040123      -0.031538
20040126       0.031833
20040127      -0.024823
20040128      -0.026182
20040129      -0.030620
20040130      -0.009630
20040202       0.019059
20040203       0.008015
20040204      -0.088224
20040205      -0.010797
20040206       0.038623
20040209      -0.002829
20040210       0.004459
20040211      -0.021792
20040212      -0.007838
20040213       0.000416
20040217       0.007897
20040218      -0.006598
20040219      -0.017020
20040220      -0.020693
20040223      -0.018974
20040224       0.013187
20040225       0.022994
20040226      -0.009754
20040227      -0.008137
20040301       0.015976
20040302      -0.021249
20040303      -0.014329
20040304       0.021586
20040305      -0.012937
20040308      -0.023154
20040309      -0.010733
20040310       0.004069
20040311       0.005853
20040312       0.035363
20040315      -0.015132
20040316       0.014881
20040317       0.016480
20040318      -0.014043
20040319      -0.028917
20040322      -0.006667
20040323       0.000447
20040324       0.013864
20040325       0.040141
20040326      -0.007634
20040329       0.019231
20040330       0.003354
20040331      -0.015044
20040401       0.007213
20040402       0.029065
20040405       0.015555
20040406      -0.006449
20040407      -0.016633
20040408      -0.003713
20040412      -0.000828
20040413      -0.021135
20040414      -0.015241
20040415      -0.018917
20040416      -0.014899
20040419       0.016904
20040420      -0.032808
20040421       0.011759
20040422       0.034868
20040423       0.007343
20040426      -0.007719
20040427      -0.008643
20040428      -0.024847
20040429      -0.020563
20040430      -0.045641
20040503       0.010043
20040504       0.011837
20040505      -0.005147
20040506       0.011289
20040507       0.008837
20040510      -0.003227
20040511       0.029140
20040512      -0.013034
20040513      -0.009107
20040514      -0.023897
20040517      -0.014595
20040518       0.003344
20040519       0.017143
20040520       0.007491
20040521       0.005576
20040524       0.000462
20040525       0.027021
20040526       0.005172
20040527       0.008501
20040528      -0.007542
20040601      -0.005811
20040602       0.007644
20040603      -0.002677
20040604       0.019239
20040607       0.048727
20040608      -0.006279
20040609      -0.007582
20040610       0.011036
20040614      -0.021201
20040615       0.013939
20040616       0.010152
20040617      -0.021775
20040618       0.002568
20040621      -0.023484
20040622       0.015304
20040623       0.032300
20040624      -0.012098
20040625      -0.010557
20040628      -0.005548
20040629       0.017597
20040630      -0.000422
20040701      -0.024895
20040702      -0.006923
20040706      -0.025272
20040707       0.002235
20040708      -0.011151
20040709       0.008570
20040712      -0.003131
20040713      -0.006730
20040714      -0.001807
20040715       0.001357
20040716      -0.027112
20040719      -0.007896
20040720       0.024345
20040721      -0.032450
20040722       0.010392
20040723      -0.021505
20040726      -0.018634
20040727       0.008276
20040728      -0.010140
20040729       0.014634
20040730       0.005769
20040802       0.015296
20040803      -0.023540
20040804       0.018322
20040805      -0.024148
20040806      -0.032994
20040809       0.006021
20040810       0.020449
20040811      -0.106061
20040812      -0.027337
20040813       0.003935
20040816       0.020717
20040817       0.024685
20040818       0.016595
20040819       0.005793
20040820      -0.011518
20040823       0.015890
20040824      -0.010949
20040825       0.018450
20040826      -0.007764
20040827       0.015649
20040830      -0.022599
20040831      -0.014188
20040901       0.017591
20040902       0.011000
20040903      -0.028497
20040907       0.016000
20040908       0.013648
20040909       0.032108
20040910       0.026593
20040913      -0.010264
20040914       0.004938
20040915      -0.038821
20040916       0.001534
20040917      -0.021950
20040920       0.007307
20040921       0.018135
20040922      -0.035115
20040923      -0.003165
20040924      -0.026455
20040927      -0.019565
20040928       0.001663
20040929       0.013282
20040930      -0.011469
20041001       0.045856
20041004       0.001585
20041005       0.007384
20041006       0.022513
20041007      -0.020481
20041008      -0.018296
20041011       0.010650
20041012       0.009484
20041013      -0.015658
20041014      -0.014316
20041015      -0.005917
20041018       0.009199
20041019       0.002681
20041020      -0.013369
20041021       0.009756
20041022      -0.019324
20041025      -0.011494
20041026       0.002769
20041027       0.024296
20041028       0.021563
20041029       0.013720
20041101       0.002603
20041102       0.001558
20041103      -0.000518
20041104       0.012448
20041105       0.023053
20041108       0.000000
20041109      -0.011016
20041110      -0.066329
20041111       0.016269
20041112       0.027748
20041115       0.015057
20041116      -0.008696
20041117       0.008256
20041118      -0.001024
20041119      -0.026127
20041122       0.007365
20041123      -0.007833
20041124       0.011053
20041126       0.001041
20041129      -0.015081
20041130      -0.010032
20041201       0.021333
20041202       0.002611
20041203       0.011979
20041206       0.020072
20041207      -0.004541
20041208       0.003548
20041209      -0.020202
20041210       0.001031
20041213      -0.007724
20041214       0.000519
20041215       0.006224
20041216       0.000000
20041217      -0.021134
20041220       0.003160
20041221       0.016273
20041222      -0.002066
20041223       0.006729
20041227      -0.007712
20041228      -0.002072
20041229       0.002596
20041230       0.005697
20041231      -0.005149
20050103       0.000000
20050104      -0.039337
20050105       0.000539
20050106       0.015078
20050107      -0.006897
20050110       0.000000
20050111      -0.004274
20050112       0.015558
20050113      -0.007924
20050114       0.005325
20050118      -0.007415
20050119      -0.031483
20050120       0.009366
20050121      -0.016921
20050124      -0.014436
20050125      -0.013521
20050126       0.010280
20050127       0.027699
20050128      -0.015402
20050131       0.007821
20050201       0.004989
20050202       0.001103
20050203      -0.034711
20050204       0.021689
20050207       0.014525
20050208       0.004405
20050209      -0.033443
20050210      -0.002836
20050211       0.006826
20050214       0.015254
20050215      -0.002782
20050216      -0.011719
20050217      -0.014681
20050218      -0.008596
20050222       0.000578
20050223      -0.001733
20050224      -0.005787
20050225       0.001164
20050228       0.012791
20050301       0.004592
20050302       0.013714
20050303       0.003382
20050304       0.013483
20050307       0.011086
20050308      -0.006579
20050309       0.022627
20050310       0.009714
20050311      -0.013896
20050314       0.004878
20050315      -0.015642
20050316      -0.009863
20050317      -0.002214
20050318      -0.012757
20050321       0.007865
20050322      -0.001115
20050323      -0.009487
20050324       0.007324
20050328       0.000559
20050329      -0.007826
20050330       0.015775
20050331      -0.007765
20050401      -0.010620
20050404      -0.001695
20050405       0.008489
20050406      -0.002806
20050407       0.021384
20050408      -0.013774
20050411       0.005028
20050412       0.013897
20050413      -0.013158
20050414      -0.010556
20050415      -0.034250
20050418      -0.010465
20050419       0.009401
20050420       0.000582
20050421       0.028505
20050422      -0.014140
20050425       0.002869
20050426      -0.011442
20050427      -0.001736
20050428      -0.006377
20050429       0.007585
20050502      -0.000579
20050503       0.002897
20050504       0.019642
20050505       0.019830
20050506       0.001111
20050509       0.010544
20050510       0.000000
20050511       0.018671
20050512       0.008086
20050513       0.010160
20050516       0.010588
20050517      -0.001572
20050518       0.009444
20050519       0.007276
20050520       0.004644
20050523       0.004109
20050524       0.023018
20050525      -0.019000
20050526       0.014271
20050527      -0.005528
20050531      -0.019707
20050601       0.011856
20050602       0.012736
20050603      -0.024145
20050606      -0.001031
20050607       0.001548
20050608       0.000000
20050609       0.003091
20050610      -0.011813
20050613       0.003118
20050614      -0.006218
20050615       0.007299
20050616       0.010870
20050617       0.000000
20050620       0.003584
20050621       0.008673
20050622       0.001517
20050623      -0.001010
20050624      -0.024267
20050627      -0.013990
20050628       0.006831
20050629       0.010438
20050630      -0.014463
20050701      -0.004717
20050705      -0.008952
20050706       0.000000
20050707       0.001063
20050708       0.024947
20050711       0.011911
20050712       0.012282
20050713       0.009606
20050714      -0.001502
20050715      -0.002508
20050718      -0.012066
20050719       0.026463
20050720      -0.002479
20050721      -0.027833
20050722      -0.012270
20050725      -0.024327
20050726       0.011141
20050727       0.006296
20050728       0.006256
20050729      -0.007772
20050801       0.005744
20050802       0.011942
20050803       0.002565
20050804      -0.005630
20050805      -0.006691
20050808      -0.002591
20050809       0.018701
20050810      -0.069352
20050811      -0.010411
20050812      -0.014396
20050815      -0.005056
20050816      -0.004517
20050817       0.011912
20050818      -0.010090
20050819       0.009060
20050822      -0.007295
20050823       0.003957
20050824      -0.013514
20050825      -0.002283
20050826      -0.004577
20050829       0.013793
20050830      -0.007370
20050831       0.006282
20050901       0.001703
20050902       0.003966
20050906       0.027088
20050907       0.010989
20050908      -0.001630
20050909       0.011432
20050912      -0.005382
20050913      -0.012446
20050914      -0.022466
20050915       0.010650
20050916       0.021631
20050919      -0.013572
20050920      -0.011007
20050921      -0.006678
20050922       0.014566
20050923      -0.003313
20050926      -0.007202
20050927      -0.011161
20050928       0.011287
20050929      -0.003348
20050930       0.003359
20051003      -0.010045
20051004      -0.003946
20051005      -0.009621
20051006       0.013143
20051007      -0.005640
20051010      -0.007941
20051011      -0.017153
20051012       0.013962
20051013      -0.007458
20051014      -0.001734
20051017      -0.005790
20051018      -0.011066
20051019       0.012956
20051020      -0.015698
20051021       0.005907
20051024       0.007634
20051025      -0.002331
20051026      -0.001168
20051027      -0.002924
20051028       0.005279
20051031       0.018086
20051101       0.001719
20051102       0.008581
20051103      -0.006807
20051104       0.020560
20051107      -0.001119
20051108       0.000560
20051109      -0.006159
20051110      -0.033803
20051111       0.018659
20051114      -0.006869
20051115      -0.004611
20051116      -0.002895
20051117       0.008711
20051118      -0.020150
20051121       0.002350
20051122       0.012896
20051123       0.009259
20051125       0.006307
20051128      -0.003989
20051129       0.001716
20051130       0.001713
20051201       0.008552
20051202      -0.002827
20051205      -0.007936
20051206       0.003429
20051207       0.012529
20051208      -0.007874
20051209      -0.005102
20051212      -0.001709
20051213      -0.001142
20051214       0.010857
20051215       0.003957
20051216      -0.013514
20051219      -0.002797
20051220      -0.009215
20051221      -0.005777
20051222       0.004649
20051223       0.003470
20051227      -0.005764
20051228       0.002319
20051229      -0.002898
20051230      -0.006955
20060103       0.019276
20060104       0.022923
20060105       0.028011
20060106       0.022888
20060109       0.015450
20060110      -0.004722
20060111       0.022667
20060112      -0.010309
20060113      -0.014583
20060117      -0.012685
20060118       0.002682
20060119       0.015478
20060120      -0.026814
20060123      -0.018909
20060124       0.009361
20060125       0.013093
20060126       0.000539
20060127       0.010764
20060130       0.005857
20060131      -0.016940
20060201       0.000539
20060202      -0.011302
20060203      -0.011976
20060206      -0.017631
20060207       0.014582
20060208       0.072416
20060209       0.007732
20060210       0.010742
20060213      -0.010628
20060214       0.007673
20060215       0.012183
20060216       0.002006
20060217      -0.006006
20060221      -0.014099
20060222       0.004597
20060223       0.002542
20060224       0.006592
20060227       0.006045
20060228       0.013520
20060301       0.040514
20060302      -0.008547
20060303       0.007663
20060306       0.000475
20060307      -0.008551
20060308      -0.000479
20060309      -0.020134
20060310       0.018591
20060313       0.001921
20060314       0.018696
20060315       0.008941
20060316      -0.008862
20060317       0.017412
20060320       0.002775
20060321      -0.012454
20060322       0.000467
20060323      -0.000467
20060324      -0.002335
20060327       0.015449
20060328      -0.016598
20060329       0.011252
20060330       0.018544
20060331      -0.013655
20060403      -0.003692
20060404      -0.001390
20060405       0.006030
20060406      -0.023513
20060407      -0.017469
20060410       0.008650
20060411       0.001906
20060412      -0.000476
20060413       0.007612
20060417      -0.015109
20060418       0.029243
20060419      -0.009781
20060420      -0.010818
20060421      -0.016643
20060424      -0.018859
20060425       0.008871
20060426       0.012702
20060427       0.012060
20060428      -0.001430
20060501       0.000477
20060502       0.020515
20060503       0.004675
20060504       0.017217
20060505      -0.005032
20060508       0.000460
20060509      -0.003676
20060510      -0.042897
20060511      -0.033735
20060512       0.014464
20060515       0.010816
20060516      -0.017023
20060517      -0.001484
20060518       0.005451
20060519       0.028586
20060522      -0.012937
20060523      -0.011165
20060524       0.005891
20060525       0.001464
20060526      -0.010234
20060530      -0.026588
20060531      -0.004552
20060601       0.041667
20060602      -0.002927
20060605      -0.027397
20060606       0.014588
20060607      -0.012890
20060608      -0.001005
20060609       0.004022
20060612      -0.024537
20060613      -0.006160
20060614       0.012913
20060615       0.031107
20060616      -0.011869
20060619      -0.008008
20060620      -0.004541
20060621       0.017233
20060622      -0.018934
20060623      -0.004063
20060626      -0.000510
20060627      -0.015306
20060628       0.004145
20060629       0.027348
20060630      -0.019086
20060703       0.024066
20060705      -0.020000
20060706       0.001531
20060707      -0.012226
20060710      -0.021661
20060711      -0.014760
20060712      -0.023007
20060713      -0.013143
20060714      -0.004440
20060717       0.001672
20060718      -0.005008
20060719       0.006711
20060720      -0.006667
20060721      -0.023490
20060724       0.028064
20060725       0.006685
20060726      -0.007194
20060727      -0.013935
20060728       0.022046
20060731      -0.011062
20060801      -0.022371
20060802       0.000000
20060803       0.004577
20060804      -0.018223
20060807       0.009861
20060808      -0.006720
20060809       0.143816
20060810      -0.011122
20060811      -0.001022
20060814       0.028147
20060815       0.027875
20060816       0.021792
20060817      -0.011848
20060818       0.000480
20060821       0.002397
20060822       0.015782
20060823      -0.008945
20060824       0.001900
20060825      -0.001897
20060828       0.017102
20060829       0.012611
20060830      -0.000461
20060831       0.014767
20060901       0.012733
20060905      -0.008083
20060906      -0.018108
20060907      -0.006916
20060908       0.009749
20060911       0.009655
20060912       0.031421
20060913       0.000000
20060914       0.002208
20060915       0.000881
20060918       0.005282
20060919      -0.003503
20060920       0.022408
20060921      -0.011173
20060922      -0.005650
20060925       0.015297
20060926       0.011623
20060927      -0.006383
20060928       0.005567
20060929      -0.021295
20061002       0.000000
20061003       0.018712
20061004       0.022213
20061005      -0.001254
20061006       0.007950
20061009       0.009132
20061010       0.000823
20061011       0.002877
20061012       0.002049
20061013       0.003272
20061016       0.002446
20061017      -0.004473
20061018      -0.012255
20061019      -0.000827
20061020       0.016142
20061023      -0.004888
20061024      -0.003684
20061025      -0.002054
20061026      -0.004117
20061027      -0.019430
20061030       0.007589
20061031       0.009623
20061101      -0.001243
20061102      -0.002075
20061103      -0.011642
20061106       0.038284
20061107       0.006483
20061108       0.010467
20061109       0.064143
20061110       0.001123
20061113      -0.002244
20061114      -0.001612
20061115      -0.001389
20061116       0.020677
20061117      -0.008103
20061120       0.006684
20061121      -0.011435
20061122       0.004105
20061124      -0.002601
20061127      -0.038748
20061128       0.047674
20061129       0.001850
20061130      -0.006278
20061201      -0.008175
20061204       0.020982
20061205      -0.007706
20061206       0.001849
20061207      -0.007752
20061208       0.003720
20061211       0.004818
20061212      -0.001107
20061213       0.006278
20061214       0.002202
20061215       0.009154
20061218       0.001814
20061219       0.000724
20061220      -0.008686
20061221      -0.003651
20061222      -0.013192
20061226       0.009655
20061227       0.004046
20061228       0.004396
20061229      -0.003282
20070103       0.014636
20070104       0.026325
20070105       0.000351
20070108       0.005620
20070109      -0.005589
20070110       0.007376
20070111       0.000349
20070112       0.008017
20070116      -0.030429
20070117      -0.037803
20070118      -0.019644
20070119       0.009452
20070122      -0.006367
20070123      -0.018470
20070124       0.032642
20070125      -0.024916
20070126       0.004958
20070129      -0.005313
20070130       0.001526
20070131       0.014095
20070201      -0.001127
20070202       0.020684
20070205       0.013633
20070206      -0.008361
20070207       0.029692
20070208       0.001780
20070209      -0.015281
20070212      -0.006135
20070213      -0.012709
20070214       0.009930
20070215       0.003642
20070216      -0.001451
20070220       0.005087
20070221      -0.010123
20070222       0.000730
20070223       0.004015
20070226      -0.009815
20070227      -0.056167
20070228       0.008946
20070301      -0.003470
20070302      -0.021277
20070305       0.006324
20070306       0.019639
20070307      -0.003467
20070308       0.010823
20070309      -0.002677
20070312       0.003451
20070313      -0.025602
20070314       0.013726
20070315      -0.001547
20070316       0.006974
20070319       0.011928
20070320       0.001521
20070321       0.017084
20070322      -0.015677
20070323      -0.006826
20070326       0.005727
20070327      -0.015566
20070328      -0.008870
20070329      -0.010506
20070330       0.003932
20070402      -0.005092
20070403       0.017717
20070404       0.009671
20070405      -0.001533
20070409       0.005372
20070410      -0.008015
20070411      -0.007695
20070412       0.006979
20070413       0.027339
20070416      -0.002249
20070417       0.008264
20070418       0.001118
20070419      -0.007071
20070420       0.011619
20070423      -0.015191
20070424      -0.009406
20070425       0.017087
20070426      -0.008585
20070427       0.018079
20070430      -0.010729
20070501       0.004488
20070502       0.030156
20070503       0.001084
20070504       0.007581
20070507      -0.003583
20070508       0.019777
20070509      -0.065233
20070510      -0.008299
20070511       0.012933
20070514      -0.012767
20070515      -0.006086
20070516       0.013395
20070517      -0.007553
20070518      -0.002664
20070521       0.007249
20070522      -0.001136
20070523      -0.015169
20070524      -0.021948
20070525       0.004724
20070529       0.014890
20070530       0.018919
20070531       0.020083
20070601      -0.002229
20070604       0.005584
20070605       0.007034
20070606      -0.022059
20070607      -0.028195
20070608       0.024371
20070611      -0.006042
20070612      -0.009878
20070613       0.018035
20070614       0.011308
20070615       0.020872
20070618      -0.006572
20070619       0.003308
20070620      -0.003663
20070621       0.004412
20070622      -0.014641
20070625       0.004082
20070626       0.004443
20070627       0.004420
20070628       0.021269
20070629       0.000000
20070702       0.001436
20070703       0.007530
20070705       0.009609
20070706       0.003525
20070709      -0.000706
20070710      -0.004917
20070711       0.015895
20070712       0.036161
20070713       0.003020
20070716       0.000000
20070717      -0.005353
20070718      -0.009754
20070719       0.016984
20070720      -0.011690
20070723       0.022643
20070724      -0.016523
20070725       0.005040
20070726      -0.008024
20070727      -0.023596
20070730       0.017953
20070731      -0.019668
20070801       0.029748
20070802       0.012093
20070803      -0.022237
20070806       0.001358
20070807       0.006441
20070808       0.067026
20070809      -0.008838
20070810      -0.000315
20070813      -0.017843
20070814      -0.018488
20070815      -0.011236
20070816      -0.020722
20070817       0.023550
20070820      -0.007669
20070821       0.011425
20070822       0.005316
20070823       0.000330
20070824       0.015197
20070827       0.012040
20070828      -0.022187
20070829       0.019402
20070830       0.013871
20070831       0.015590
20070904       0.012531
20070905      -0.003094
20070906      -0.011794
20070907      -0.010050
20070910       0.006980
20070911       0.013233
20070912      -0.011819
20070913      -0.008493
20070914       0.001587
20070917      -0.001901
20070918       0.017143
20070919       0.001561
20070920       0.003739
20070921       0.002794
20070924      -0.013003
20070925       0.017566
20070926       0.016958
20070927       0.007269
20070928      -0.003009
20071001      -0.004223
20071002       0.000606
20071003      -0.016961
20071004      -0.009248
20071005       0.015521
20071008       0.001868
20071009       0.011312
20071010       0.005744
20071011      -0.014127
20071012       0.003662
20071015      -0.003952
20071016      -0.015249
20071017       0.005265
20071018       0.006778
20071019      -0.036108
20071022      -0.004127
20071023       0.005419
20071024      -0.008878
20071025      -0.002559
20071026       0.023092
20071029       0.015987
20071030       0.006171
20071031       0.013799
20071101      -0.026618
20071102       0.010255
20071105       0.017533
20071106       0.030230
20071107      -0.039023
20071108      -0.095270
20071109      -0.035437
20071112       0.018544
20071113       0.035383
20071114      -0.014267
20071115      -0.013800
20071116       0.021843
20071119      -0.017034
20071120      -0.013252
20071121      -0.027204
20071123       0.015575
20071126      -0.041481
20071127      -0.000360
20071128       0.020371
20071129       0.003565
20071130      -0.004618
20071203      -0.016060
20071204      -0.022126
20071205       0.019288
20071206       0.011281
20071207      -0.012235
20071210       0.007650
20071211       0.013015
20071212       0.027837
20071213       0.009028
20071214      -0.014109
20071217      -0.024433
20071218       0.007156
20071219       0.001421
20071220       0.003193
20071221       0.011315
20071224       0.004196
20071226      -0.011838
20071227      -0.020789
20071228      -0.008276
20071231      -0.017783
20080102      -0.019575
20080103       0.007913
20080104      -0.023551
20080107       0.000383
20080108      -0.026789
20080109       0.031852
20080110       0.000000
20080111      -0.014101
20080114       0.016235
20080115      -0.016736
20080116      -0.027079
20080117      -0.032604
20080118      -0.001233
20080122      -0.036214
20080123       0.026046
20080124       0.044944
20080125      -0.036241
20080128      -0.004132
20080129      -0.001660
20080130       0.012469
20080131       0.005747
20080201       0.017959
20080204      -0.044908
20080205      -0.023510
20080206      -0.007739
20080207       0.012998
20080208       0.006844
20080211      -0.000850
20080212      -0.003827
20080213       0.026889
20080214      -0.022028
20080215      -0.009860
20080219      -0.017942
20080220       0.013986
20080221      -0.000431
20080222       0.017680
20080225       0.008475
20080226       0.011345
20080227       0.036560
20080228      -0.011623
20080229      -0.010949
20080303       0.000410
20080304      -0.004508
20080305      -0.000819
20080306      -0.013601
20080307       0.007101
20080310      -0.004977
20080311       0.048353
20080312      -0.000398
20080313      -0.007558
20080314      -0.025251
20080317      -0.001234
20080318       0.053108
20080319      -0.043393
20080320       0.012260
20080324       0.035123
20080325       0.004290
20080326      -0.037670
20080327      -0.024213
20080328      -0.004136
20080331       0.000415
20080401       0.037044
20080402      -0.000897
20080403      -0.029247
20080404       0.006603
20080407      -0.018450
20080408       0.000752
20080409      -0.017865
20080410       0.021674
20080411      -0.027454
20080414      -0.002994
20080415      -0.008580
20080416       0.031155
20080417       0.002518
20080418       0.025952
20080421       0.015504
20080422       0.001205
20080423       0.020867
20080424       0.023192
20080425      -0.016519
20080428      -0.009766
20080429       0.006312
20080430       0.005096
20080501       0.040172
20080502       0.003000
20080505      -0.017570
20080506       0.001903
20080507      -0.020889
20080508      -0.003103
20080509      -0.008171
20080512       0.013731
20080513       0.001935
20080514      -0.005407
20080515       0.029126
20080516       0.000377
20080519      -0.005281
20080520      -0.019719
20080521      -0.018569
20080522       0.008277
20080523      -0.018765
20080527       0.019522
20080528      -0.001954
20080529       0.026233
20080530       0.019458
20080602      -0.013847
20080603      -0.000380
20080604       0.015945
20080605       0.029148
20080606      -0.036311
20080609      -0.004145
20080610      -0.002648
20080611      -0.026935
20080612       0.012086
20080613       0.015794
20080616      -0.003792
20080617      -0.011420
20080618      -0.026569
20080619       0.009494
20080620      -0.034483
20080623      -0.003653
20080624      -0.002851
20080625       0.008987
20080626      -0.035628
20080627      -0.008816
20080630      -0.014824
20080701      -0.004729
20080702      -0.013391
20080703       0.012259
20080707      -0.023789
20080708       0.013735
20080709      -0.056818
20080710       0.025487
20080711      -0.014008
20080714      -0.023831
20080715      -0.012206
20080716       0.002852
20080717       0.019905
20080718       0.006506
20080721       0.008310
20080722       0.002747
20080723       0.012329
20080724      -0.018493
20080725       0.030790
20080728      -0.020062
20080729       0.020018
20080730      -0.011151
20080731      -0.008119
20080801       0.000000
20080804       0.000000
20080805       0.030014
20080806       0.056512
20080807      -0.014626
20080808       0.028414
20080811       0.015258
20080812      -0.004874
20080813      -0.007755
20080814       0.014809
20080815       0.009728
20080818      -0.016861
20080819      -0.010208
20080820      -0.000413
20080821       0.000000
20080822       0.019810
20080825      -0.020235
20080826      -0.004130
20080827       0.010784
20080828       0.011900
20080829      -0.024736
20080902      -0.012474
20080903      -0.018526
20080904      -0.044187
20080905      -0.000898
20080908       0.049865
20080909      -0.017116
20080910       0.000871
20080911       0.002610
20080912       0.017787
20080915      -0.046036
20080916       0.018767
20080917      -0.043860
20080918       0.045872
20080919       0.065351
20080922      -0.048580
20080923      -0.016443
20080924       0.003080
20080925       0.029825
20080926       0.014480
20080929      -0.085222
20080930       0.035337
20081001      -0.027039
20081002      -0.034169
20081003       0.002358
20081006      -0.037177
20081007      -0.079179
20081008      -0.026539
20081009      -0.062704
20081010       0.002327
20081013       0.118398
20081014      -0.037883
20081015      -0.106257
20081016       0.071213
20081017       0.009014
20081020       0.058626
20081021      -0.058017
20081022      -0.025196
20081023      -0.009765
20081024      -0.053944
20081027      -0.013489
20081028       0.137974
20081029      -0.024031
20081030      -0.004477
20081031      -0.001124
20081103      -0.032077
20081104       0.065698
20081105      -0.051282
20081106      -0.025877
20081107       0.037780
20081110      -0.000569
20081111      -0.022197
20081112      -0.036671
20081113       0.042900
20081114      -0.037080
20081117      -0.024669
20081118       0.014806
20081119      -0.083283
20081120      -0.040451
20081121       0.048376
20081124       0.081081
20081125      -0.059756
20081126       0.062905
20081128       0.009152
20081201      -0.095526
20081202       0.024064
20081203       0.045039
20081204      -0.042473
20081205       0.039791
20081208       0.082183
20081209      -0.005217
20081210       0.009907
20081211      -0.024235
20081212       0.004731
20081215      -0.008829
20081216       0.034442
20081217      -0.033295
20081218      -0.010689
20081219      -0.001201
20081222      -0.016226
20081223      -0.007941
20081224       0.006773
20081226      -0.004893
20081229      -0.015980
20081230       0.013741
20081231       0.004313
