-0.021050   0.033154
 0.021057  -0.021980
 0.080040   0.011049
 0.000000  -0.005505
-0.039219  -0.028009
-0.020203   0.022476
 0.020204   0.032787
-0.020203  -0.010808
 0.020204   0.010811
 0.000000  -0.010808
 0.000000   0.000000
-0.020203  -0.021980
-0.063174  -0.011172
 0.063181   0.000000
-0.041677   0.022221
 0.061876   0.032438
 0.113329   0.101093
 0.035087  -0.049274
 0.050427   0.019999
 0.032264   0.029268
-0.032265  -0.090516
 0.016257   0.010475
 0.016001  -0.064539
 0.000000   0.032787
 0.015745   0.042111
-0.015753   0.020410
-0.032265  -0.010151
 0.000000   0.000000
 0.000000  -0.041677
 0.016257  -0.021510
 0.031751   0.010811
-0.015753   0.000000
 0.000000  -0.005394
 0.000000  -0.016353
-0.032265  -0.011051
 0.016257  -0.022471
-0.016261   0.000000
 0.016257   0.011296
-0.016261   0.000000
 0.016257   0.011177
 0.047256   0.011049
 0.045117   0.010930
 0.028986  -0.033154
 0.014189   0.011177
-0.028574   0.016533
 0.000000   0.005445
 0.000000   0.000000
 0.000000  -0.010929
-0.014596   0.043021
 0.000000   0.015667
 0.000000  -0.015662
 0.057155   0.031092
 0.013794   0.010148
 0.013607   0.010049
-0.013602   0.009950
-0.013795  -0.019999
 0.013794  -0.010151
 0.000000   0.010148
 0.013607   0.000000
 0.052640   0.005037
-0.025974  -0.005043
 0.000000   0.010049
 0.000000  -0.020203
 0.025980   0.000000
 0.074105   0.000000
-0.036363  -0.010252
 0.169903   0.020410
-0.021050  -0.030769
-0.021510  -0.010475
-0.010929  -0.010586
-0.033526   0.051824
-0.011425   0.010049
 0.022730   0.029559
-0.034291   0.038095
 0.011563  -0.009394
 0.011424  -0.028708
-0.011425  -0.029563
 0.000000   0.004988
 0.022730   0.090325
 0.000000   0.009049
-0.045981   0.008970
 0.011691  -0.018021
-0.072323  -0.018347
 0.072321  -0.009303
 0.000000   0.009307
-0.011698   0.009217
 0.089950   0.000000
-0.043962  -0.013856
 0.011177  -0.014048
 0.011049   0.000000
 0.084258  -0.009475
 0.019999   0.009475
 0.000000   0.009386
-0.019999   0.000000
 0.000000  -0.014119
 0.019999   0.000000
 0.067014  -0.004751
 0.009217   0.028170
 0.000000   0.018351
-0.018520   0.044447
-0.009394   0.050855
-0.038471  -0.025102
 0.000000  -0.052188
 0.019420   0.017702
-0.039219  -0.017696
-0.083382   0.000000
-0.033154  -0.064539
 0.000000  -0.058837
 0.054659   0.029850
 0.000000   0.019420
-0.010697  -0.009667
 0.010693   0.009663
 0.000000  -0.019417
 0.021057   0.000000
-0.010475  -0.019805
-0.043022  -0.030459
-0.068204  -0.010364
-0.023811   0.015509
 0.023814  -0.015500
 0.068210   0.050769
 0.032438  -0.050767
 0.081681  -0.015753
-0.019805  -0.015997
-0.010050   0.021282
-0.051830  -0.021275
-0.054657   0.062524
 0.033154   0.000000
-0.055883  -0.051830
 0.022730   0.031411
-0.011304  -0.074896
-0.022992   0.054071
 0.011563   0.061246
 0.022730  -0.009949
 0.000000  -0.010050
 0.011177   0.000000
 0.043481   0.000000
-0.021510   0.000000
 0.032090   0.010049
-0.021275  -0.030459
 0.052365   0.030461
 0.020204  -0.010050
-0.030459   0.000000
-0.031418   0.010049
-0.021510  -0.010050
-0.044454   0.000000
 0.033522   0.049276
-0.056517   0.028442
 0.011563  -0.047857
-0.059188   0.000000
 0.000000  -0.029851
 0.000000  -0.020407
-0.012275   0.010257
-0.050641  -0.031088
-0.039739  -0.048529
-0.055566  -0.005535
 0.055567   0.074903
 0.077961  -0.010364
-0.012579  -0.031749
-0.051957   0.031751
 0.000000  -0.021050
 0.000000   0.015834
-0.083382  -0.070487
 0.000000  -0.081915
-0.044454   0.000000
 0.029850   0.059193
 0.043174  -0.005767
 0.013982   0.061641
 0.080040   0.052924
 0.037739   0.088725
 0.048199   0.081497
 0.068210   0.034189
-0.022225   0.020792
-0.011304   0.028403
-0.046515   0.000000
-0.024098  -0.074724
-0.050010  -0.035088
 0.050008   0.017702
 0.035936   0.034488
 0.045986   0.000000
-0.011304   0.025102
 0.033522   0.032525
-0.011051   0.015873
 0.000000  -0.056697
 0.000000   0.121483
 0.074903   0.039788
 0.030461  -0.007115
-0.010050   0.014189
-0.020407   0.010505
-0.031418   0.017270
 0.061876   0.000000
 0.039221   0.020342
-0.039219  -0.013511
 0.000000  -0.006823
 0.019803   0.006827
 0.028986  -0.003406
-0.009566   0.075571
 0.009574  -0.006350
 0.009475  -0.025810
-0.009475   0.032157
 0.009475   0.031159
 0.009386   0.015224
 0.000000   0.003015
 0.018517   0.006002
 0.044849  -0.012052
 0.051292  -0.006078
-0.008365  -0.015357
 0.016670   0.027479
 0.000000   0.041305
-0.016668   0.039663
-0.016953  -0.011172
 0.050008  -0.022726
 0.016129   0.028335
-0.008032  -0.016902
 0.031751   0.000000
 0.000000  -0.011425
 0.038316  -0.035088
 0.000000   0.023531
 0.051292   0.025824
 0.055567   0.016857
-0.013602  -0.025390
-0.041969  -0.040822
-0.007166  -0.030212
-0.051672  -0.024846
-0.022992   0.037045
 0.007720  -0.006078
 0.088295   0.012126
-0.028574  -0.012123
-0.007276   0.012126
 0.021664   0.072600
 0.095310   0.046521
 0.056796   0.047008
-0.031150   0.015194
 0.049390   0.058552
 0.069796  -0.021561
 0.016710  -0.012184
 0.000000  -0.004912
-0.068600   0.057429
-0.017909   0.032041
 0.029675  -0.009051
-0.035720   0.040095
 0.092552   0.021595
 0.104810  -0.004279
 0.014820  -0.008617
 0.019420   0.008623
 0.023756   0.008543
-0.093432  -0.032430
 0.025443   0.036679
-0.010101  -0.023586
-0.068268   0.027810
 0.098269   0.016739
-0.024938  -0.029480
 0.039605   0.000000
 0.042762  -0.008587
-0.009344  -0.004319
 0.000000  -0.013075
 0.032332  -0.004400
 0.022476   0.000000
-0.031604  -0.022276
-0.013856  -0.029717
-0.062376   0.038682
 0.038836   0.017702
-0.028986   0.013074
 0.019420   0.034044
-0.029274  -0.047123
 0.053029  -0.040270
-0.018959   0.013607
-0.029130  -0.046096
 0.019509  -0.068322
 0.033261   0.054071
-0.023637  -0.054066
 0.000000  -0.030769
-0.004791   0.060625
 0.000000   0.019420
-0.004822   0.091804
 0.014386  -0.072764
 0.009475  -0.028708
 0.046091  -0.044673
 0.031043   0.015115
 0.013015   0.058269
-0.017390  -0.083588
 0.004380  -0.091217
 0.046912   0.155755
-0.016810   0.009574
 0.008434  -0.028986
-0.034188  -0.014819
 0.012956   0.034237
-0.021694  -0.019417
 0.013074  -0.004912
 0.029850   0.071288
-0.004209   0.044849
-0.034343  -0.026673
-0.053823   0.069591
-0.018602   0.088414
-0.053021  -0.007720
-0.045573  -0.031501
-0.026252  -0.024293
 0.015834   0.016257
 0.041027   0.039528
-0.056867  -0.031501
 0.010584  -0.024293
-0.015916  -0.059092
 0.000000   0.034189
-0.101214   0.008365
 0.000000   0.024693
-0.017909   0.000000
 0.017909   0.024097
 0.051881   0.000000
 0.022221  -0.007972
 0.032438   0.015873
-0.026960  -0.032007
 0.037537   0.032002
-0.021275  -0.036073
-0.084088  -0.080722
 0.017388   0.026204
 0.028335  -0.017390
 0.000000  -0.008809
-0.011233   0.034788
 0.060295   0.041852
 0.021057   0.016257
 0.020616   0.023902
 0.030151   0.046158
 0.034063  -0.030542
-0.034064   0.011563
-0.019999  -0.011557
 0.029850   0.007720
 0.004888   0.015263
 0.004868   0.007551
-0.009757  -0.011344
-0.014819  -0.003807
 0.024576   0.000000
-0.044673   0.015155
-0.020509  -0.022818
 0.015420   0.022818
 0.025190   0.022309
-0.035451   0.043174
-0.031418  -0.014180
-0.032430  -0.028986
-0.011051  -0.003687
 0.005545  -0.018622
-0.045207  -0.062035
 0.005763  -0.016129
 0.072051  -0.008163
 0.005336   0.016257
 0.041670  -0.016261
 0.035087   0.055794
 0.009802  -0.015621
-0.004892   0.007839
 0.024214  -0.007841
 0.051292   0.027187
 0.035715   0.044954
 0.013074   0.003653
-0.030769   0.000000
 0.026437   0.021664
 0.017241   0.000000
-0.034788   0.007115
-0.036042   0.014080
 0.009128   0.013893
 0.018017   0.033899
-0.022573   0.000000
-0.023095  -0.027032
-0.009394  -0.027782
 0.041574   0.010505
 0.013479   0.020694
 0.008890   0.036852
 0.030500   0.019548
-0.012964   0.012817
 0.017241   0.003175
 0.029471   0.034324
 0.020538   0.012195
 0.012126  -0.012194
 0.019881  -0.024846
 0.034817  -0.022256
-0.019193   0.003215
 0.011563   0.031547
 0.011424   0.030587
-0.003797   0.035502
-0.038762  -0.035503
-0.024006   0.029675
-0.041333  -0.023668
 0.045365  -0.009021
 0.070067   0.067182
 0.058410   0.019577
-0.025133   0.013755
-0.022062   0.000000
 0.003713  -0.005475
 0.025600   0.010930
-0.029305  -0.005445
-0.030191  -0.008234
 0.030190  -0.013866
-0.018765  -0.039895
 0.022476  -0.017594
 0.000000   0.000000
 0.029199   0.032022
-0.036633  -0.002874
 0.033028   0.011424
 0.035464   0.022476
-0.079758  -0.022471
-0.026775  -0.022992
-0.015621   0.000000
 0.007839   0.022994
 0.011652   0.016906
-0.019499   0.008345
-0.048392  -0.002774
 0.012324  -0.002784
-0.016465  -0.036882
 0.020538  -0.071883
 0.039846  -0.006229
 0.042072   0.024693
-0.003757   0.030034
-0.026673  -0.023955
-0.039375  -0.024539
-0.012123   0.024536
-0.050010   0.009049
-0.012903   0.002996
 0.058844  -0.061748
 0.043921  -0.009596
-0.019723   0.044036
 0.042887   0.045117
 0.030073   0.028986
 0.036370   0.028170
-0.125405   0.000000
-0.020448  -0.002784
-0.016668  -0.014028
-0.004209   0.022348
-0.078989   0.005505
 0.013607  -0.030686
-0.018184  -0.014261
-0.023207   0.039442
 0.013982   0.002756
-0.004641   0.045766
-0.077335   0.025980
-0.094805  -0.031253
 0.053778   0.002647
 0.041027   0.023472
-0.056867   0.005137
 0.021057   0.069330
 0.015509   0.018959
-0.041895  -0.009434
 0.052099   0.011780
 0.005067   0.025434
-0.035990  -0.009172
-0.070487  -0.056888
 0.091220   0.009713
-0.041895  -0.029419
-0.066321  -0.010000
 0.060963   0.010000
 0.047256  -0.020101
-0.005143  -0.010202
-0.010364   0.007661
-0.021050   0.007601
 0.000000   0.000000
 0.026252   0.044447
 0.035628   0.023863
 0.000000   0.037045
 0.009950  -0.018347
 0.029268  -0.006964
 0.009574   0.016188
 0.018871  -0.009212
 0.018517   0.000000
 0.004580   0.009217
 0.004560   0.006856
-0.022992   0.020293
-0.042761   0.000000
-0.024569   0.015509
-0.056285  -0.015500
-0.005274  -0.018021
 0.031256   0.026905
 0.015263   0.047523
 0.015036   0.073204
 0.014820   0.007809
 0.019420   0.041909
-0.014525  -0.011253
 0.052270  -0.007579
 0.040825   0.018832
 0.004430   0.003723
 0.055927   0.040076
 0.064804   0.045384
 0.023257   0.005107
-0.047071  -0.018857
 0.031625   0.010327
 0.026876  -0.003426
 0.000000   0.027119
 0.003783   0.014938
 0.000000  -0.011597
-0.026775  -0.065424
-0.051704  -0.047364
 0.104540   0.078894
-0.022307   0.017093
-0.003767   0.003384
-0.007579   0.006737
-0.019193   0.001679
-0.035503  -0.022021
 0.027722   0.020342
-0.003918   0.008355
-0.035928   0.048714
 0.024097   0.020391
 0.035087   0.029073
-0.007689   0.016454
-0.007750   0.014731
 0.015440  -0.017696
 0.000000  -0.011971
 0.037594   0.029675
-0.033774  -0.002924
-0.011516  -0.011799
-0.051493  -0.022512
 0.012126  -0.007619
 0.054697   0.022681
-0.003807  -0.025738
-0.023166  -0.018571
 0.000000  -0.007841
 0.042072   0.046158
 0.003743  -0.007548
 0.040220  -0.012194
 0.052365  -0.006149
 0.006777  -0.006189
-0.030882  -0.006229
-0.017574  -0.012579
 0.027975  -0.012741
 0.020479   0.009574
 0.059033   0.021977
-0.035658  -0.021980
-0.047301   0.004749
-0.017451   0.001579
 0.013982  -0.001581
 0.086435   0.038730
-0.012822   0.018076
 0.031751  -0.010505
 0.018576   0.000000
-0.047102  -0.022880
-0.006451   0.012274
 0.038095   0.041794
-0.012538  -0.011769
-0.048476  -0.080039
-0.033671   0.000000
-0.003426   0.012739
 0.020410   0.025005
-0.020407  -0.015550
 0.040412   0.003125
 0.019606   0.030772
-0.060015  -0.075511
 0.027119   0.000000
 0.036129   0.041602
-0.008093  -0.061407
-0.004892   0.013242
 0.033735   0.045021
 0.050817   0.000000
 0.013420  -0.028708
-0.040822  -0.036249
-0.018694  -0.027217
 0.000000   0.027216
 0.009386  -0.023770
-0.028441   0.003434
-0.019417  -0.027782
-0.076374  -0.039500
-0.005304   0.039500
 0.110664   0.027781
-0.028986   0.010218
 0.033735   0.023453
 0.009435   0.029365
 0.004679   0.000000
 0.045671  -0.016211
 0.000000   0.012985
-0.008970   0.022329
-0.041385  -0.009505
-0.014180  -0.025810
-0.043806   0.050969
 0.014820   0.015411
-0.014819   0.021184
 0.014820   0.005972
 0.009752   0.005932
 0.047399  -0.017909
-0.037743  -0.006038
-0.044234  -0.006078
 0.010000   0.000000
 0.071976   0.035936
-0.004641   0.073687
-0.018775   0.058373
 0.018782  -0.026108
-0.092521  -0.010636
 0.015194   0.005336
-0.072947  -0.016089
 0.016090   0.005395
-0.016089  -0.010808
-0.067059  -0.005445
 0.067060   0.010871
 0.037142   0.016090
 0.005197   0.002657
-0.026252  -0.021448
-0.106539  -0.041499
-0.293620  -0.028657
 0.007909   0.022994
-0.032007  -0.005696
 0.024097   0.039221
 0.076378   0.008206
 0.000000  -0.016485
-0.007377  -0.005555
 0.057571   0.051567
 0.013893  -0.005304
-0.042261   0.036554
 0.021350  -0.020723
-0.007065   0.015588
-0.050925  -0.061110
-0.022644   0.002736
-0.007659   0.026953
 0.074105  -0.008012
-0.007166   0.008008
 0.028374   0.031411
-0.007015   0.022935
 0.034604   0.002517
-0.020621  -0.010101
 0.000000   0.010099
 0.080040   0.019901
 0.037739  -0.035088
 0.006151   0.025190
 0.006111   0.029413
-0.037276  -0.019509
 0.006310   0.024332
-0.012660   0.009574
 0.049704   0.002377
 0.108989   0.014149
 0.047752  -0.002343
-0.020948   0.000000
-0.032265  -0.023750
 0.010871  -0.036726
-0.016353   0.000000
 0.000000   0.019754
-0.005505   0.007303
 0.021859  -0.024569
 0.016090  -0.012518
 0.021057  -0.012670
-0.031749   0.000000
 0.087461   0.000000
 0.009802   0.000000
-0.029707   0.000000
 0.000000  -0.036363
-0.030614  -0.048791
-0.015662   0.035473
 0.051292   0.008008
 0.004988  -0.010697
-0.010000  -0.002694
 0.014967   0.010722
 0.024449   0.028908
 0.033261   0.035628
-0.038097   0.004988
-0.029563   0.000000
 0.000000   0.002487
 0.029559   0.031751
 0.028714   0.028442
-0.009475  -0.002343
 0.032787   0.020861
-0.052020  -0.023207
 0.061199  -0.014180
 0.031460   0.018871
 0.000000   0.018517
-0.008889   0.022681
-0.050357  -0.013541
 0.023199  -0.013734
 0.053588   0.025034
-0.021980  -0.043638
-0.004450  -0.033412
 0.008890   0.028714
 0.013183  -0.002363
-0.035555   0.007065
 0.000000  -0.038284
-0.009091  -0.002443
 0.057665   0.026535
-0.008657   0.009475
 0.012956   0.030199
-0.039396  -0.011506
 0.035087   0.013794
 0.050427   0.002277
 0.024293   0.002277
 0.054488   0.009049
 0.018763   0.024468
 0.003713   0.015263
 0.021977   0.004321
-0.010929   0.006449
-0.014758   0.012768
 0.029306  -0.010626
 0.021429   0.016946
-0.021428  -0.016953
 0.017889   0.025317
-0.003556   0.016533
-0.028883  -0.016526
 0.014544   0.020616
 0.000000   0.000000
 0.014337   0.004072
 0.045222   0.043749
 0.016867   0.023082
 0.003334   0.009465
-0.013420   0.053171
 0.016749   0.007115
-0.040687   0.012334
-0.003466  -0.012336
-0.010475  -0.012488
-0.014139  -0.016292
 0.031528   0.035850
 0.056966   0.013982
-0.102830   0.027401
-0.036768  -0.013602
 0.061725   0.036978
 0.020910  -0.013288
 0.000000   0.000000
 0.013696   0.000000
 0.006777  -0.008395
-0.020478  -0.022164
-0.010394   0.013696
 0.006946   0.013518
 0.023931   0.006688
 0.029957  -0.010050
 0.038586  -0.006753
 0.034112  -0.006803
-0.009192  -0.020693
-0.018632  -0.010505
-0.003135  -0.010616
 0.046091  -0.010737
 0.041180   0.040537
 0.028413   0.008603
 0.030345   0.000000
 0.021507   0.003414
 0.015834   0.013558
-0.005254   0.013380
 0.002627   0.061208
 0.005236  -0.031749
 0.002607   0.014416
 0.000000   0.000000
-0.058997  -0.007982
 0.029937   0.026876
 0.026457   0.024654
-0.026457  -0.026221
-0.010778   0.015509
 0.005405   0.024322
-0.024559   0.007482
 0.013716   0.026476
 0.016218   0.038442
-0.008073  -0.029769
 0.026671   0.025570
-0.037536  -0.009869
 0.002726   0.005654
-0.002724   0.041382
 0.021624  -0.004058
 0.036747   0.012136
 0.017879  -0.014860
-0.033464  -0.028986
-0.007881  -0.018378
-0.024037   0.009940
 0.039740   0.025102
-0.067145   0.020450
-0.071969  -0.004058
-0.027238  -0.009535
-0.037505  -0.029151
 0.022045  -0.008486
-0.025236  -0.025903
-0.069447   0.025902
-0.006874  -0.005696
-0.035088  -0.012943
-0.058837  -0.055037
 0.048066   0.003055
 0.000000   0.044715
 0.052735  -0.008789
-0.006874  -0.032885
 0.000000  -0.016861
-0.185089   0.052687
 0.079726   0.017447
-0.015449   0.010039
-0.051904  -0.021632
 0.024293   0.032980
-0.032523   0.020939
 0.000000   0.019155
 0.008226  -0.002714
 0.097544  -0.016434
 0.040076   0.009624
 0.041967   0.008176
-0.017268   0.020146
 0.040960   0.002657
 0.036129   0.015795
-0.039479  -0.007861
-0.044600  -0.029377
 0.010475  -0.013643
-0.021050  -0.018021
-0.021510  -0.038491
-0.018286  -0.029501
 0.039788  -0.006008
 0.034846   0.080971
 0.003414   0.005545
-0.052547  -0.028009
-0.003606  -0.005696
 0.014337   0.022603
-0.003566  -0.011233
-0.062631  -0.043294
 0.003793   0.011731
-0.007609   0.002916
 0.026369   0.039894
-0.045636  -0.025461
 0.030655   0.002866
-0.046337   0.036467
 0.011790   0.008226
 0.015509  -0.010990
-0.023351  -0.016709
-0.044276  -0.034291
 0.028403  -0.029501
-0.087739   0.035300
 0.059344  -0.005797
-0.081416  -0.014637
 0.008890  -0.042177
 0.021879  -0.006169
 0.000000   0.054232
-0.008698   0.026048
 0.013015  -0.058837
 0.012847   0.047342
 0.077748   0.031295
 0.019499   0.030345
-0.015560  -0.016434
 0.011691   0.074504
 0.026769   0.015263
 0.003763   0.005037
-0.038315  -0.015195
-0.027721  -0.007679
 0.007998   0.030384
 0.054280   0.039125
 0.026077   0.021350
-0.100472   0.039134
 0.043749  -0.013633
 0.030655  -0.011506
-0.030655   0.004619
-0.260807  -0.013916
-0.015266   0.050123
-0.031253  -0.022471
 0.026116  -0.018347
 0.020410  -0.023422
-0.046515   0.002367
-0.015997   0.025668
-0.032792  -0.039958
-0.051293  -0.021816
-0.029676  -0.009848
-0.036809   0.007402
-0.018928   0.017054
 0.037508   0.019136
-0.012346   0.023424
-0.018806   0.000000
-0.019173  -0.011637
-0.046211  -0.004691
-0.041385  -0.031068
 0.027781  -0.012214
 0.046836  -0.002463
 0.038470  -0.004942
 0.024849   0.017182
 0.036149   0.038191
-0.060993   0.052460
-0.045029  -0.011172
-0.013247  -0.015855
 0.006648   0.013607
-0.006642   0.000000
-0.027032  -0.013602
 0.000000  -0.032482
-0.006874   0.011721
 0.013696   0.020763
 0.033444   0.009089
 0.013074   0.015716
-0.192760   0.002228
 0.007839  -0.073765
 0.000000  -0.044015
 0.015509  -0.010050
 0.030306   0.054071
 0.014820  -0.019326
 0.007323  -0.009808
 0.021664   0.041017
 0.041967   0.048457
-0.027782  -0.050820
 0.013982   0.016454
 0.099094  -0.011728
 0.012502  -0.021459
 0.042561   0.011978
-0.067722   0.018871
 0.025161   0.016228
 0.012344   0.013696
-0.031150   0.029054
 0.006310   0.034633
-0.038471   0.000000
 0.012985  -0.021510
-0.012984  -0.008738
 0.012985  -0.070401
 0.012817   0.034682
 0.061744   0.040095
-0.074573  -0.008768
-0.012984  -0.035876
 0.019420  -0.030129
-0.039219   0.016336
 0.006648   0.020616
-0.020070  -0.039313
-0.013602  -0.050799
-0.006874   0.043701
 0.027216  -0.056179
-0.013511  -0.041030
-0.013703   0.010416
 0.006876   0.010307
-0.006874  -0.028616
-0.042261  -0.088208
 0.028374   0.008613
-0.021203   0.063641
 0.007115  -0.041041
-0.014282  -0.069393
-0.007216   0.011909
 0.007224   0.023394
-0.014495   0.056191
-0.007327   0.000000
-0.029851  -0.027700
-0.015266   0.011177
 0.059721   0.048790
 0.007224   0.000000
-0.007216   0.026116
-0.029419   0.047809
 0.000000   0.021869
-0.015043  -0.009667
 0.007551  -0.029563
-0.007548  -0.012579
-0.007609   0.002527
-0.015388  -0.033381
 0.015381  -0.037235
 0.000000  -0.024692
-0.015388   0.054071
 0.015381  -0.032089
-0.015388   0.100732
 0.007720  -0.012366
 0.088295  -0.015043
 0.054810  -0.010151
 0.006648  -0.028461
-0.006642  -0.002623
 0.006648  -0.021275
 0.051624   0.047256
-0.019050   0.015263
-0.025974   0.005037
 0.025980  -0.005043
 0.043892   0.019999
-0.024846  -0.014961
 0.018694   0.029704
 0.024390   0.042964
 0.064167  -0.011749
-0.028657  -0.036104
-0.029501  -0.024815
 0.069395   0.072674
 0.059636   0.011612
-0.048529  -0.002313
 0.048524   0.006916
 0.066181   0.024976
 0.033899   0.000000
-0.053802   0.022172
 0.019901   0.002188
-0.014890  -0.024364
-0.020203   0.006707
-0.031088   0.015470
-0.065243  -0.022174
 0.075710   0.017781
 0.040825   0.013133
-0.025318  -0.002172
-0.010313  -0.026488
 0.117205   0.006688
-0.028039   0.024146
 0.000000   0.029918
 0.050817   0.031092
-0.046096   0.008127
-0.028708   0.004042
-0.029563  -0.024487
-0.025318  -0.014566
-0.041895   0.002098
-0.016170   0.002088
-0.021980  -0.010495
 0.032787   0.002108
 0.047256   0.012551
-0.020723   0.006221
-0.015835   0.020450
-0.026960  -0.012224
 0.053200  -0.004108
-0.031584   0.022378
 0.005336  -0.002012
-0.010697   0.016001
-0.021745   0.007909
-0.005505   0.034817
 0.000000  -0.017258
 0.058995  -0.005817
 0.035811   0.011602
 0.034575   0.022818
-0.014667  -0.007548
 0.014672   0.009425
-0.009757   0.027751
-0.009848  -0.007327
 0.004938   0.000000
-0.030006  -0.011091
 0.030005   0.025687
 0.019509   0.005415
 0.014386   0.019626
-0.053802  -0.021428
 0.024819  -0.009071
-0.034912   0.021624
-0.057460   0.001778
 0.005366  -0.025225
-0.060621  -0.003657
-0.046515   0.005475
 0.029326   0.026953
 0.017191   0.027975
 0.000000  -0.013886
-0.058498   0.020763
-0.018235   0.023687
-0.018571  -0.040957
-0.025318   0.010396
 0.012739   0.020479
 0.043347   0.003374
 0.006042  -0.030769
-0.018235   0.032457
 0.018233   0.005027
-0.024395  -0.013470
 0.036370  -0.008506
-0.018021   0.003414
 0.018017  -0.005123
 0.080040   0.013607
 0.058684  -0.013602
 0.030617  -0.017268
-0.030614   0.018979
 0.035628   0.008514
-0.005013   0.005067
 0.000000   0.015066
 0.081976   0.019734
 0.009217   0.028898
-0.018520   0.017260
-0.028441  -0.004681
 0.009574   0.009336
-0.014393  -0.009333
-0.019509  -0.003135
 0.014672   0.003125
 0.023980  -0.015753
 0.032641   0.001589
-0.013856   0.007889
 0.009257  -0.006310
 0.022779  -0.019173
-0.027402  -0.026149
 0.036370  -0.013339
-0.013480  -0.076697
 0.013479  -0.044454
-0.027155   0.000000
-0.013856  -0.030769
-0.023535   0.015509
-0.038845   0.052450
 0.029268  -0.033402
 0.065141   0.055056
-0.004510   0.017702
 0.048571   0.000000
 0.012847  -0.024867
-0.030243  -0.040374
-0.022174  -0.075834
-0.036529  -0.034943
 0.027528   0.012472
-0.027525   0.000000
-0.009344  -0.012477
-0.004701  -0.012629
-0.063281  -0.017095
-0.122823   0.094528
 0.071260  -0.019805
 0.000000   0.015873
-0.015997   0.007839
-0.021745  -0.023217
-0.033526  -0.030954
 0.028014   0.069675
 0.074504  -0.035233
 0.097635  -0.020121
-0.007004   0.024097
-0.030913   0.000000
-0.002423  -0.048791
 0.007234  -0.051293
-0.064539   0.017388
-0.052642   0.000000
 0.057759  -0.220996
-0.005113  -0.032792
-0.010313  -0.016810
-0.005193   0.076127
 0.035811   0.002617
 0.000000  -0.029141
 0.044237   0.052365
 0.109195   0.030151
 0.033899   0.019606
-0.021050  -0.029563
-0.019336   0.014889
-0.006531  -0.024938
-0.024313   0.000000
 0.041631  -0.025574
-0.012964   0.015420
-0.039916   0.020204
 0.022368  -0.040822
-0.063952  -0.058997
-0.004731   0.019155
 0.055312   0.018792
 0.000000  -0.026960
-0.004490   0.081303
 0.006737   0.002517
-0.038772  -0.007569
-0.050073  -0.012741
-0.017258  -0.005143
 0.014820  -0.026108
 0.014603  -0.005304
-0.024446  -0.112475
-0.045573   0.052184
 0.057882   0.044208
 0.036014  -0.005425
-0.019050   0.037334
 0.014317  -0.021162
-0.048550   0.007988
 0.024576  -0.026888
 0.028714   0.002716
 0.027907   0.016169
 0.029384  -0.021622
 0.028539   0.037537
-0.048791  -0.043022
-0.002273   0.053493
-0.016079  -0.194896
-0.042563  -0.006350
 0.004818   0.061744
-0.014525  -0.036591
 0.004868   0.003105
 0.033415   0.015361
-0.023750   0.000000
 0.009574  -0.018459
 0.028170  -0.018806
 0.002307  -0.006350
-0.006954   0.012660
 0.041008   0.055056
 0.015509   0.043672
 0.010930  -0.031842
 0.008662  -0.005897
-0.013014  -0.011901
-0.013187   0.000000
 0.034788   0.035300
 0.058108   0.014347
 0.054914  -0.014352
 0.007601  -0.011627
-0.011425   0.000000
-0.005767   0.023121
 0.017191   0.028170
 0.073027   0.064542
-0.034022  -0.021050
-0.005475  -0.037941
 0.003653   0.016434
-0.007327   0.021507
 0.032554   0.000000
 0.000000   0.021057
-0.045500   0.065516
-0.028327   0.024097
 0.011424  -0.004771
-0.015266  -0.051546
-0.031253  -0.012670
 0.035087   0.005087
 0.015214   0.007581
 0.011256   0.041929
 0.020312   0.004818
-0.016587  -0.021867
-0.007458  -0.019856
 0.022221   0.027197
 0.023531   0.028850
 0.033425   0.023424
 0.034015  -0.018694
-0.013470  -0.014251
-0.020550  -0.016892
 0.062045  -0.034654
 0.017732   0.002517
-0.019356  -0.015195
-0.031429  -0.005113
 0.018321   0.000000
 0.000000  -0.010313
-0.033557   0.060323
 0.021938   0.066059
-0.011759   0.004560
-0.017034  -0.034685
 0.066471  -0.011830
-0.019478   0.030481
 0.009792   0.020577
 0.031954   0.004510
 0.055056   0.013420
 0.014770  -0.036208
-0.029769   0.013725
 0.016483   0.004540
 0.007402  -0.022880
-0.017859  -0.004641
 0.014908   0.018429
-0.033081   0.004560
 0.009128  -0.009132
-0.024539   0.013666
-0.009364   0.004510
 0.048943   0.044065
 0.000000   0.033899
 0.040940   0.000000
 0.019861   0.004161
 0.019469   0.016464
-0.035047   0.032128
-0.012923   0.019567
-0.035296  -0.023535
 0.049647  -0.028173
 0.016946   0.008127
 0.005584   0.016060
-0.005586  -0.024190
-0.022665   0.074690
 0.025463   0.022476
 0.049057  -0.016810
-0.020152   0.020508
-0.028904  -0.011132
 0.034324   0.020312
-0.028749  -0.037245
-0.036778  -0.072797
-0.023320   0.032128
 0.020440   0.023443
 0.028490   0.013420
 0.008395   0.005694
-0.041228  -0.022992
-0.080039   0.000000
 0.034005   0.015381
 0.035821   0.007601
 0.004390   0.007551
-0.037183  -0.034415
-0.037038  -0.039687
 0.027907   0.035792
-0.031057   0.019342
-0.022327  -0.011557
 0.016001  -0.015621
-0.032265   0.051786
 0.006539  -0.005626
-0.026406  -0.005656
 0.026408  -0.005686
 0.016159   0.033647
 0.037739   0.025414
 0.030393   0.010693
 0.008940   0.017575
-0.036260  -0.024692
 0.031799   0.003564
-0.022604   0.000000
-0.027824  -0.028883
 0.057854   0.007303
 0.032022  -0.007297
 0.033802   0.000000
 0.021918   0.021742
 0.009445   0.014238
 0.004022   0.007045
-0.002674   0.000000
-0.010778   0.006995
 0.000000   0.020694
 0.008097  -0.003416
 0.008028  -0.003426
 0.005316  -0.017329
-0.026888  -0.021203
-0.005465  -0.001792
-0.022164   0.026476
-0.042928  -0.026477
-0.011769  -0.030882
-0.008920   0.000000
-0.021122  -0.039521
 0.038865   0.024644
 0.002926   0.025882
 0.015952   0.035850
-0.039625   0.003514
 0.004480   0.027683
-0.019560   0.006807
-0.009162  -0.010222
 0.042044  -0.003426
 0.037527  -0.036747
 0.014061  -0.023443
 0.013873   0.007274
 0.002746   0.000000
-0.005505  -0.007276
 0.010989  -0.014708
-0.027700  -0.018694
 0.033154   0.024234
-0.038782   0.012808
-0.014221  -0.022062
-0.049936  -0.016872
 0.000000   0.020577
-0.036809  -0.024364
 0.006231   0.028063
 0.042561   0.014652
-0.033288  -0.003647
 0.018292   0.003643
 0.023883   0.021585
 0.043299  -0.014332
 0.005634   0.003604
 0.013942  -0.019978
-0.045332   0.007313
 0.014386   0.019842
-0.005726   0.007115
 0.019910  -0.008910
 0.002816  -0.005384
-0.009879  -0.003606
 0.001419  -0.014545
-0.014261   0.018154
 0.019910   0.045700
-0.005646   0.043701
-0.014261   0.029180
-0.008657  -0.049106
 0.020087  -0.013511
-0.005696   0.036727
-0.006813   0.038586
-0.004681  -0.022327
-0.002894   0.009633
 0.005783  -0.003195
 0.002876   0.006390
-0.002874  -0.009596
 0.002876   0.025395
 0.022730   0.004689
 0.027703  -0.001561
 0.040163   0.012423
-0.002623  -0.028173
-0.005274  -0.019234
 0.049038   0.011266
-0.012670  -0.001601
 0.007621  -0.006431
 0.054204   0.031751
 0.014287   0.018576
 0.032564  -0.031150
 0.002287   0.009445
-0.056348  -0.012619
 0.033261   0.040441
 0.025375   0.059193
-0.016079  -0.020315
 0.027401  -0.023740
-0.002253   0.032496
-0.015926   0.002906
 0.004580  -0.002904
 0.013607   0.017290
 0.004490   0.028170
 0.015578   0.005545
 0.015332   0.004131
-0.024200  -0.001381
-0.024805  -0.030769
-0.013795   0.012699
-0.004641  -0.012700
 0.006956   0.079172
-0.025728  -0.015875
 0.011780  -0.002674
-0.026098  -0.018897
-0.059421  -0.047427
 0.027673   0.000000
 0.012334   0.026778
 0.014603   0.004161
 0.004818   0.011019
 0.011948  -0.019366
 0.009455  -0.005606
 0.009366   0.019469
-0.007015   0.008226
-0.004701   0.013567
-0.002363   0.037045
-0.023924  -0.003908
-0.029491   0.010376
 0.002487   0.008989
 0.050921   0.015233
 0.069619   0.010030
 0.009871  -0.022696
 0.017319   0.032622
 0.056324   0.024390
-0.037193  -0.018235
 0.002108  -0.013592
-0.004209  -0.017563
 0.018812   0.034826
-0.004149  -0.011061
 0.002078  -0.003717
-0.002072   0.033551
 0.032719   0.021957
 0.033638   0.036872
 0.024976  -0.006813
-0.034757  -0.018388
 0.049818   0.021801
 0.027654   0.034585
-0.009132   0.015233
 0.010950  -0.004329
-0.063696  -0.035327
-0.051599  -0.072205
-0.002042  -0.008486
-0.012316   0.037065
 0.056239   0.036872
 0.017427   0.024585
 0.011454   0.019675
 0.026223   0.015036
-0.007417  -0.044694
-0.032172  -0.005586
-0.021377  -0.018103
-0.005907  -0.027782
 0.066883  -0.018959
 0.002766   0.037566
-0.021428   0.025034
 0.026028   0.000000
 0.012758   0.025512
-0.016434   0.020596
 0.024556   0.004281
 0.027469   0.006390
 0.005226  -0.002122
 0.015529   0.055860
 0.016975  -0.020325
 0.024936   0.082492
-0.057449  -0.044213
 0.017241   0.042561
 0.021977   0.003783
-0.005033   0.003763
 0.001679  -0.036363
-0.011809  -0.023668
-0.003406   0.003982
 0.036795   0.021634
 0.011424   0.021174
-0.022992  -0.003817
 0.070542   0.041209
 0.054232   0.019979
-0.026744   0.010732
 0.025278   0.001778
 0.002936   0.019351
-0.005877  -0.005244
 0.010257   0.001748
-0.025092   0.008702
-0.008254  -0.040676
 0.039163  -0.012721
 0.053607   0.053389
 0.008206   0.000000
-0.024826  -0.021019
-0.007710   0.007055
-0.020621  -0.015053
-0.056147  -0.006260
-0.009162  -0.023617
 0.065301   0.041411
-0.023258  -0.026816
-0.011830  -0.044454
 0.011830   0.029850
-0.029851  -0.019489
 0.003025   0.044897
-0.033795  -0.039292
-0.054594  -0.039927
 0.008216   0.008692
 0.049495   0.048790
-0.003125   0.040384
 0.036814  -0.007952
 0.014948  -0.017889
 0.063238   0.056153
 0.024761   0.033560
-0.023371   0.019606
-0.014008  -0.011395
 0.072088  -0.013176
-0.038803   0.000000
-0.033288  -0.013359
 0.000000   0.004191
 0.015391   0.022339
 0.016533   0.043242
 0.018949  -0.028616
-0.008073   0.034865
 0.044926   0.012383
-0.002583   0.036255
 0.000000  -0.006702
-0.066963  -0.003737
-0.019580   0.007472
 0.016808   0.030772
 0.002776   0.014327
-0.013947  -0.028863
-0.060802  -0.052599
 0.020685  -0.013987
 0.014514   0.020136
 0.008613  -0.018571
-0.055819  -0.009424
-0.027566  -0.004741
-0.021980  -0.040426
 0.015745   0.038836
 0.003125  -0.009566
 0.083633   0.074105
 0.022661   0.014770
-0.008436  -0.013288
-0.082404  -0.025584
 0.000000   0.038865
-0.066589  -0.037349
-0.029954  -0.028564
 0.000000  -0.005495
 0.039740   0.006280
-0.022992   0.000000
-0.056380  -0.030181
 0.012225  -0.004852
-0.110005  -0.056687
-0.023535   0.015322
-0.065595  -0.043148
 0.188660   0.098994
-0.028471  -0.055840
 0.010772   0.018409
 0.003564   0.016444
 0.024605   0.009742
-0.017512  -0.008113
-0.054456  -0.018083
 0.033028  -0.010000
 0.028471   0.023179
-0.035720  -0.040072
-0.071593  -0.038200
 0.030772   0.012314
 0.011296  -0.009667
-0.065787  -0.079899
 0.019803   0.020812
 0.049723   0.056428
-0.157262   0.000000
-0.120519  -0.048970
 0.052773   0.018419
-0.130861   0.018085
 0.043002   0.016001
 0.078469   0.066518
 0.004709   0.026866
 0.004679   0.000800
-0.038097   0.036255
-0.029563  -0.018755
 0.095310   0.023384
-0.004560   0.000000
 0.009089   0.013775
-0.009091   0.012087
 0.022573   0.029588
 0.039394  -0.014687
 0.109643   0.037739
 0.020929   0.019744
-0.026724  -0.009121
-0.009717   0.002108
-0.011789   0.026369
 0.070570  -0.013795
-0.082502   0.002776
 0.003992  -0.019580
-0.053179   0.004928
 0.016670   0.000700
 0.075581   0.024966
 0.087965   0.033677
 0.031092   0.046578
-0.034602   0.003783
 0.010505   0.007532
-0.014038  -0.025318
 0.014031  -0.020723
-0.042709  -0.005254
-0.136129  -0.043022
-0.018928  -0.030686
-0.036757   0.063125
 0.055690  -0.021510
-0.021050  -0.010929
-0.039053  -0.033526
 0.030500   0.041727
 0.004281  -0.010960
 0.058108   0.016395
 0.023902  -0.004078
 0.049913   0.033444
 0.022221   0.023404
-0.014758  -0.002573
-0.034033  -0.052926
 0.011948  -0.027546
-0.015804   0.000000
-0.043398  -0.034095
 0.058722  -0.007256
 0.003793   0.045528
 0.018763   0.026087
-0.003727   0.005405
 0.065001   0.018694
-0.003506   0.013143
 0.027683   0.020675
 0.000000  -0.007700
 0.075571  -0.044799
 0.058392  -0.013572
-0.030305   0.010871
-0.009273   0.029297
-0.012498  -0.040166
 0.021771  -0.031924
 0.033290   0.040086
-0.024098  -0.005435
 0.003045   0.005435
 0.003035   0.034624
 0.026905  -0.018490
 0.030500   0.036650
 0.054289   0.056229
-0.035866  -0.003657
-0.014139   0.021713
 0.060794  -0.007186
-0.016221  -0.002403
 0.010841   0.007204
-0.024559  -0.039032
 0.010989   0.007432
 0.005445   0.014701
 0.002716   0.016887
-0.024692   0.009524
-0.022471   0.000000
 0.016906   0.041766
 0.016621  -0.002273
 0.032438   0.022524
 0.049295  -0.013450
-0.017879   0.008989
-0.007760   0.002237
 0.053114   0.004450
-0.017390  -0.020203
-0.010081   0.011276
 0.022524   0.026554
-0.007458  -0.004380
 0.022192  -0.019937
 0.033580  -0.022624
 0.034769  -0.004591
 0.009069   0.006876
-0.011354   0.018095
 0.009089   0.000000
 0.017938   0.024361
-0.031604  -0.026611
-0.004601   0.004480
 0.020528   0.002237
-0.046201   0.016601
 0.016414  -0.001101
-0.035503  -0.017736
-0.007256  -0.011253
 0.010861  -0.015967
-0.010859  -0.027978
 0.049714   0.009416
-0.047291  -0.018918
 0.004828   0.046626
 0.023814  -0.016079
-0.048203   0.006916
-0.101258  -0.018561
 0.058373   0.027712
 0.047809   0.031392
 0.009782   0.030442
-0.032141   0.006399
-0.017747  -0.023678
 0.000000  -0.024262
-0.015469   0.015509
-0.015703   0.010930
 0.015706   0.006499
-0.056094  -0.055513
-0.002754   0.011355
-0.053760  -0.065296
 0.042676  -0.002413
 0.058165   0.033261
 0.037402   0.006986
-0.025646  -0.040239
 0.000000  -0.021980
-0.026313  -0.071646
 0.034083   0.041564
 0.064860   0.006340
 0.037922   0.038442
-0.030696  -0.027125
 0.042264   0.022251
 0.020479   0.012146
 0.024468   0.037922
 0.021742   0.038769
-0.032792  -0.005606
 0.004430   0.029918
 0.026204   0.002178
 0.000000   0.021556
-0.008657  -0.004269
-0.004359   0.002138
-0.010980  -0.028173
 0.070319  -0.004410
 0.004112   0.019675
-0.008234  -0.030769
 0.004122   0.000000
-0.008264  -0.018021
 0.014416   0.022476
 0.051805   0.024146
 0.005813  -0.013105
-0.021469  -0.031253
 0.013716   0.000000
 0.021174  -0.011405
 0.015125  -0.009212
 0.007472  -0.023422
 0.007422   0.018782
 0.018311   0.011563
-0.016465  -0.047071
 0.018282   0.028510
-0.001812   0.018567
 0.030384   0.000000
 0.034604   0.000000
 0.005087   0.032787
 0.055936   0.048847
 0.011138   0.012630
 0.049390  -0.002092
-0.029027   0.004181
 0.030539   0.002088
 0.039798   0.012423
-0.018225  -0.001031
-0.058329  -0.003095
 0.001559   0.043462
-0.039718   0.002966
-0.014698  -0.005938
 0.022769  -0.014992
-0.011314   0.001009
 0.069097   0.027781
-0.004560   0.011672
 0.034459   0.036091
-0.001471  -0.015043
-0.005917  -0.026878
 0.001479   0.001948
-0.040822   0.009663
-0.004641   0.011474
 0.051368  -0.007629
 0.040412   0.009534
-0.027238  -0.007619
-0.040031  -0.019305
 0.013528  -0.011769
-0.016556  -0.043336
-0.004560   0.009227
 0.006082   0.026184
 0.015785  -0.046809
-0.017299  -0.012579
-0.016831  -0.023484
-0.062078  -0.004329
 0.036284   0.008643
 0.030413   0.062524
-0.020958  -0.026611
-0.024610   0.006201
 0.054744   0.018390
 0.059099  -0.008133
-0.007196   0.051700
 0.017191   0.003873
 0.026632   0.026671
-0.019550  -0.022818
 0.041439   0.017162
-0.017747  -0.013318
-0.004139  -0.007689
-0.009727  -0.021469
 0.088176   0.025317
-0.018062   0.022818
 0.019342  -0.007548
 0.001279   0.024322
 0.037556  -0.003707
-0.019856  -0.001862
 0.002507   0.011088
 0.016119  -0.001842
 0.031479   0.010989
 0.035705  -0.046610
-0.006350  -0.034954
 0.029646   0.017634
 0.020018   0.009663
 0.061923   0.041439
-0.012498  -0.005555
 0.004181   0.009237
-0.044830  -0.033650
-0.002182  -0.015327
-0.049337  -0.021469
-0.018561  -0.009909
 0.056900   0.019724
 0.026204   0.015509
-0.053105   0.000000
-0.060908  -0.009667
 0.042561   0.009663
 0.022886   0.024693
 0.012363  -0.015124
-0.068193  -0.011496
 0.016611  -0.019458
-0.035928  -0.011860
 0.086398   0.042810
 0.024312   0.028170
-0.017624   0.011049
 0.002218  -0.029738
 0.017584   0.011256
 0.044734   0.023961
 0.018576   0.007264
 0.067219   0.042485
-0.013470  -0.024559
 0.011563   0.000000
-0.005767   0.031470
-0.020437   0.028840
 0.008811   0.001669
 0.040124  -0.015987
 0.036766  -0.026642
-0.044286  -0.044527
-0.003777  -0.003647
-0.009515   0.007283
 0.003813  -0.042636
 0.005694   0.022476
 0.001888   0.032787
 0.000000  -0.021745
-0.022941  -0.016617
-0.039448  -0.067401
 0.015972   0.017771
 0.040739  -0.011809
-0.038762  -0.084676
 0.005912   0.043232
 0.047008   0.064926
 0.052042  -0.032430
 0.017634   0.001000
 0.042782   0.017801
 0.006678   0.017496
-0.035565  -0.029326
-0.019152  -0.076244
 0.026019   0.010653
-0.012062  -0.043294
 0.049038   0.028354
-0.077162  -0.054129
 0.014159   0.010168
 0.020871  -0.025031
 0.006002   0.027275
 0.027839   0.019979
-0.016780  -0.040364
-0.017930  -0.061344
-0.004319   0.038191
-0.008688  -0.011779
-0.001752  -0.036197
 0.010435   0.021869
-0.029851  -0.028029
-0.032616  -0.028842
-0.047134   0.025132
-0.029388  -0.007468
 0.057929   0.022251
-0.013217  -0.037359
-0.011476  -0.044109
 0.037739   0.015795
 0.056692   0.089832
-0.025697  -0.026601
-0.029151  -0.058021
 0.011029   0.005177
-0.009182  -0.018256
 0.014652   0.018252
 0.076961   0.050389
-0.006753   0.067677
 0.065600   0.017073
-0.017614  -0.023985
-0.041228  -0.026950
-0.055375  -0.026477
 0.004440   0.038278
 0.030529  -0.060483
 0.033783  -0.053791
 0.022994   0.041247
-0.008153  -0.022992
-0.019835  -0.022205
 0.026360   0.003952
 0.032002   0.023404
 0.023345  -0.006451
-0.044035  -0.040926
 0.015155   0.002696
 0.047170   0.072572
 0.011266   0.034401
 0.035936   0.030917
 0.057401   0.070086
 0.004072   0.027985
-0.021918  -0.019295
 0.017850   0.017172
 0.009475   0.043711
 0.000670   0.004062
 0.015371   0.021076
-0.030975  -0.008980
 0.006817  -0.006028
 0.045165   0.012027
-0.020999  -0.020121
 0.033899  -0.009192
 0.021556   0.054876
 0.069078   0.021135
 0.007581  -0.003807
-0.002914   0.028228
 0.054431   0.020204
 0.020753   0.004540
-0.046473  -0.034053
 0.019067   0.014869
 0.007750   0.000920
-0.047417  -0.046211
-0.031707  -0.010677
 0.034595   0.010673
 0.033444   0.002896
-0.001111   0.023775
-0.018021  -0.022818
-0.001141  -0.020397
 0.020831   0.001469
-0.009515   0.044562
 0.037537   0.013035
 0.046569   0.017427
-0.033650  -0.025779
 0.012225   0.029413
 0.009990   0.005415
-0.000520   0.006290
 0.029394   0.012452
-0.011243  -0.027793
-0.019723  -0.016495
-0.026560  -0.016780
 0.011237   0.009356
-0.026426   0.017535
 0.040691   0.032409
 0.026915   0.014071
 0.022221   0.031799
 0.020763   0.010940
 0.011672   0.021527
-0.004852   0.000000
 0.070356  -0.010707
 0.034720   0.013972
-0.010111   0.018203
 0.044935   0.017083
 0.005475  -0.007911
 0.002517  -0.029419
 0.023199   0.004490
 0.047189   0.028898
 0.024693   0.017260
 0.035936  -0.006239
-0.042052  -0.002353
-0.032740  -0.029449
 0.025044   0.023941
 0.016857   0.003145
 0.038749   0.000790
-0.004400   0.003135
-0.021520   0.022456
-0.020468   0.003823
 0.012936  -0.019254
-0.000760  -0.019631
-0.036986  -0.021643
-0.049894  -0.022123
 0.029268  -0.015865
 0.029996   0.011711
 0.007750   0.024654
 0.013035  -0.029655
 0.003803   0.017408
 0.027683  -0.004118
 0.036949   0.034063
-0.028863  -0.012032
-0.006612  -0.008920
-0.001471   0.018557
-0.022389  -0.008022
 0.005266  -0.005656
-0.019713  -0.027937
 0.005346   0.004988
 0.024819   0.024576
 0.030723   0.007254
-0.000720  -0.004832
 0.007184   0.011237
 0.017742  -0.031625
 0.005614   0.001649
-0.016211  -0.047144
 0.014110  -0.004319
-0.023402   0.000870
 0.002866  -0.035213
 0.055643   0.065881
 0.043682  -0.003366
-0.009111  -0.002533
 0.021977  -0.011031
 0.020881   0.026106
 0.005624   0.010752
-0.025225  -0.019091
 0.001279  -0.022890
 0.017702   0.010237
 0.006250   0.006767
-0.035493  -0.014434
 0.025483  -0.003426
 0.005017   0.043672
 0.000000   0.031547
-0.011961   0.013449
 0.003165   0.026360
-0.002844  -0.010768
-0.005394   0.013064
 0.020636  -0.005354
 0.005127   0.003833
-0.017523  -0.009990
 0.038393   0.026671
-0.040291  -0.017441
-0.040666  -0.020876
 0.022153   0.017810
 0.030461   0.034691
-0.008789  -0.004460
-0.033991  -0.029470
-0.019764  -0.015459
-0.137436  -0.096401
 0.105665   0.093281
-0.086016   0.006231
-0.068140  -0.007015
 0.026876   0.025853
 0.038259   0.032603
 0.028859  -0.015611
-0.024364   0.023687
-0.031893  -0.008819
-0.030552  -0.013369
-0.038107  -0.021162
 0.007412  -0.014616
-0.056528  -0.052515
 0.067948   0.005495
 0.026408   0.056276
 0.067201   0.020528
 0.005893  -0.009071
-0.020774   0.010198
 0.027362   0.027790
-0.027361  -0.004400
-0.044454  -0.022276
 0.019401   0.012679
 0.031024   0.008861
 0.003723   0.013863
 0.067453   0.047408
-0.019621  -0.044516
 0.037508   0.004689
-0.002734  -0.006129
 0.024976   0.034140
 0.023717   0.004191
-0.021714  -0.026108
-0.030397  -0.023873
-0.022194  -0.031986
-0.009869  -0.076957
-0.056073   0.012166
 0.041814   0.033309
-0.026200   0.014327
-0.048350  -0.011597
-0.030655  -0.002333
 0.041430   0.021977
-0.013876  -0.061344
-0.037982   0.003643
 0.011227   0.031033
 0.055832   0.051529
 0.026058   0.006678
-0.012569  -0.011152
 0.020616   0.040643
 0.028733  -0.002152
 0.002118  -0.013024
-0.025041  -0.029954
-0.000720   0.011197
-0.035430  -0.033981
 0.045528   0.026155
 0.029704   0.005594
 0.018645   0.017702
 0.002736   0.007651
 0.012205   0.007591
 0.004032   0.027693
 0.012008  -0.002102
-0.018745  -0.027752
 0.024693  -0.001081
-0.001982  -0.018592
 0.029928   0.045317
-0.003857   0.043347
 0.015322   0.029850
 0.008206  -0.010839
 0.050256   0.013785
 0.014248  -0.014769
 0.014623   0.024497
-0.005827  -0.002904
 0.017368   0.023980
-0.006914  -0.029820
 0.025112   0.011652
-0.005656   0.001928
 0.004530   0.005763
 0.001129  -0.005767
 0.003942   0.000960
 0.016700   0.008623
 0.081101  -0.000950
 0.028607   0.005714
 0.035965  -0.002854
-0.019275  -0.013420
 0.011612   0.030422
 0.025171  -0.003757
 0.048524  -0.009444
-0.030851  -0.009535
-0.033743  -0.011557
 0.057420   0.011563
-0.051725  -0.054118
 0.049019   0.040624
-0.092609  -0.050273
 0.032148   0.002547
-0.018388   0.020165
-0.015753   0.020743
 0.001978   0.009733
 0.006906  -0.002904
-0.019866   0.002906
 0.014938  -0.015611
 0.023443   0.011731
-0.036363  -0.010748
-0.003005   0.017526
 0.054697   0.046215
 0.032729   0.025483
 0.010069  -0.002704
-0.016526   0.000900
-0.004641  -0.029223
 0.008335   0.013804
 0.011009   0.013617
-0.005485   0.013439
-0.011071   0.006211
-0.032048  -0.024159
-0.033112   0.000000
 0.058646  -0.010929
 0.011138  -0.018490
-0.000460  -0.007488
 0.014218   0.017702
-0.010990   0.043366
-0.003687  -0.007095
-0.001852   0.003554
 0.031896   0.025405
 0.065095   0.022241
 0.040355  -0.003386
-0.028657  -0.026673
 0.014021   0.003484
-0.026560  -0.021070
 0.023277   0.006191
 0.020332   0.015745
 0.039471   0.017211
 0.040201   0.005107
 0.045776   0.017673
-0.003556  -0.017665
-0.002854   0.031751
-0.009333  -0.008254
 0.057476   0.004968
-0.015103  -0.013288
 0.043309   0.021507
 0.040239  -0.004922
-0.031006   0.000820
-0.056697   0.004102
 0.048790   0.017840
 0.000990   0.033396
-0.030521  -0.022205
-0.052441  -0.011192
-0.016648  -0.011314
-0.019907  -0.011445
 0.025726   0.023570
-0.017574  -0.004028
-0.026570  -0.024487
-0.050957  -0.027649
 0.053607   0.038336
-0.029161  -0.023996
 0.051605   0.029704
 0.000740   0.007293
-0.010404   0.000810
 0.021429   0.025483
-0.021428  -0.004731
-0.012022  -0.000790
 0.002267   0.000790
-0.032182  -0.011122
 0.057136   0.021341
 0.008424   0.009336
-0.012477   0.017663
 0.001479   0.012106
 0.036207   0.017889
 0.058024   0.026243
 0.001339   0.010732
-0.013491  -0.008577
 0.004072   0.031789
 0.018763   0.021331
-0.014038   0.002716
 0.012047   0.026798
-0.011374  -0.020703
-0.012184   0.004042
-0.008204  -0.002694
 0.057391   0.016041
 0.035676  -0.014028
 0.009346   0.000000
 0.051947   0.014021
 0.011118   0.006608
 0.041056   0.007224
 0.016621   0.001958
 0.032970   0.040931
-0.013379   0.033879
-0.045186  -0.042062
-0.013055  -0.004430
-0.037826   0.006330
-0.004751  -0.013967
 0.049980  -0.002563
-0.018307  -0.015500
-0.008113  -0.021050
 0.048847   0.046760
-0.037556  -0.028317
 0.005455   0.007800
-0.031398  -0.035596
 0.008821   0.038191
 0.009901   0.026769
-0.005234  -0.025482
 0.027586   0.023590
-0.036954  -0.012042
 0.012274   0.005724
-0.009929  -0.019203
-0.008254  -0.002593
 0.045690   0.017349
-0.009081   0.020802
 0.073659   0.010554
 0.034894   0.013489
-0.038606   0.001219
 0.013735   0.002427
 0.040105   0.009059
 0.036621  -0.003015
-0.028091  -0.044401
-0.051788  -0.045803
-0.171845  -0.145384
 0.080427   0.094619
 0.017152   0.017899
-0.020039  -0.010970
 0.013212  -0.015286
 0.090526   0.058476
-0.048056  -0.041124
-0.042469  -0.026498
 0.047923   0.047609
 0.027897   0.010059
 0.013666   0.030869
 0.003125   0.003225
-0.032792  -0.049568
-0.004309  -0.007135
 0.035020   0.019263
 0.002088   0.009990
 0.069339   0.052289
-0.016638  -0.020009
 0.042523   0.022837
 0.029821  -0.002824
-0.003677  -0.024836
-0.030882  -0.044495
-0.065809  -0.076676
 0.018105  -0.026549
-0.083121  -0.143189
-0.042041  -0.044976
-0.089793  -0.051367
-0.042939   0.062129
 0.086471   0.069796
 0.059721   0.045155
-0.056179  -0.032750
-0.004731   0.027965
 0.095955   0.088313
-0.023965  -0.027824
 0.009871   0.015676
-0.071260  -0.038512
 0.065788   0.062665
 0.033464   0.014001
-0.010677   0.004271
 0.070421   0.044773
 0.000000  -0.010232
 0.033435   0.034382
 0.003863  -0.002984
 0.009584   0.004978
 0.009495   0.026437
-0.026827  -0.020499
 0.015411   0.033938
 0.002866   0.033744
 0.001908  -0.005545
 0.049200  -0.006511
 0.018841   0.000000
 0.022847  -0.014089
-0.038980  -0.013339
-0.078913  -0.007700
-0.011799   0.034189
 0.017643   0.026720
-0.006823   0.058269
-0.012802   0.005982
 0.020596   0.017742
 0.023033   0.020724
-0.015296   0.000000
-0.005797   0.011415
-0.010717   0.037411
-0.048151  -0.059548
 0.063707   0.056418
 0.020998  -0.018989
-0.035565  -0.026714
 0.032729   0.026710
 0.024322   0.024458
-0.014900  -0.004691
 0.022260   0.011681
-0.012002   0.005405
-0.001862   0.028082
-0.036954  -0.038148
 0.012472   0.041132
-0.023146  -0.012771
 0.026953   0.026116
 0.030859   0.063482
 0.058127   0.045919
-0.000870  -0.009283
 0.048381   0.028247
-0.011668  -0.024252
 0.002507   0.000000
-0.002513  -0.007327
-0.017757  -0.008728
-0.000850   0.001349
 0.013567   0.026583
 0.014218   0.016906
 0.037498   0.028597
 0.000800   0.038114
-0.004812   0.029122
 0.052422  -0.018928
-0.019234  -0.064741
-0.014089  -0.023197
-0.021510   0.005206
 0.017555   0.053654
 0.038798   0.045069
 0.038076  -0.002353
-0.013278  -0.046411
-0.014211   0.014701
 0.022339   0.006062
 0.041823   0.035029
 0.000000  -0.035026
 0.062289   0.051235
 0.059881   0.024380
 0.076961   0.030345
 0.005773  -0.022951
-0.006924  -0.011324
-0.052325  -0.054319
-0.019111  -0.038741
 0.035454   0.006767
-0.061939  -0.060663
-0.008345   0.026992
 0.049038   0.062082
-0.125325  -0.057015
-0.012599   0.000000
-0.084458  -0.040562
 0.017467   0.011108
-0.035254   0.009703
 0.057589   0.049590
 0.025443   0.008533
-0.044778  -0.029573
-0.018184  -0.014484
-0.020080  -0.007004
 0.005445   0.016474
-0.031522  -0.038439
 0.036168  -0.005897
 0.011513   0.032322
 0.049885   0.025746
 0.053038   0.036525
-0.029357   0.007144
-0.017166  -0.008940
-0.033753   0.010722
 0.007432  -0.021561
 0.036370   0.016808
 0.014189   0.009475
-0.032926   0.000590
-0.016140   0.007631
-0.048497  -0.022471
-0.060823  -0.016892
-0.059495  -0.024006
 0.075859   0.040297
-0.009788   0.028325
-0.006582  -0.021162
 0.040422   0.044734
 0.011029  -0.000570
 0.024771  -0.003416
 0.007621   0.003414
 0.067472   0.040115
 0.060540   0.007075
-0.008042   0.029918
-0.031449  -0.009515
-0.032461   0.004241
-0.040999  -0.003175
-0.033433  -0.031274
-0.058891  -0.030016
 0.043309  -0.003958
-0.040041  -0.042834
-0.076374  -0.055312
 0.074736   0.015509
 0.006529   0.060879
 0.085655   0.047494
 0.026515   0.036332
 0.041286   0.002128
-0.036934  -0.022031
-0.036851  -0.029213
-0.013602  -0.023197
 0.003035   0.043682
 0.021018  -0.003847
-0.030171  -0.044997
 0.012176   0.021350
-0.046452  -0.037006
 0.018841   0.014504
 0.050046   0.006886
 0.008841   0.023746
 0.030325   0.059636
-0.015774  -0.008990
-0.048865  -0.019305
 0.048866   0.008623
 0.018616  -0.002152
-0.101424   0.003225
-0.040041  -0.015672
-0.024815  -0.013156
-0.032348  -0.034819
-0.044213  -0.046788
 0.000000   0.044505
-0.001812  -0.010364
-0.001812   0.009217
-0.040749  -0.017940
 0.013143   0.028199
-0.009374  -0.011992
 0.020508   0.054223
 0.053872   0.004341
-0.050189  -0.032482
 0.043174   0.018302
-0.028574  -0.029552
-0.009101   0.002257
-0.025923  -0.026313
 0.038644   0.030820
 0.033725   0.044524
 0.019018   0.009633
 0.005555   0.016896
 0.059099   0.030927
-0.035949  -0.034074
 0.019773   0.039144
-0.004902  -0.026611
-0.031645   0.017476
 0.003374   0.010138
-0.010172   0.009039
 0.008484   0.030529
-0.010192  -0.000970
 0.013558   0.040902
-0.003376  -0.005606
 0.034855  -0.006582
 0.041535   0.002826
 0.069517   0.009366
 0.018802  -0.021673
-0.032027  -0.005726
 0.029161   0.000960
 0.010010   0.018959
-0.015774  -0.008486
-0.018969  -0.016231
-0.031418  -0.042271
 0.003035   0.012966
-0.040187  -0.031202
 0.034112   0.029219
-0.024692  -0.030243
 0.051767   0.030248
 0.014731   0.005942
-0.035720  -0.024990
-0.009132   0.006052
-0.023207  -0.005043
-0.012599  -0.011182
-0.007952  -0.010273
-0.009626   0.016395
 0.027051   0.012126
 0.029394  -0.039947
-0.013815  -0.017920
 0.043845   0.068854
-0.048497  -0.020060
 0.029073   0.029947
 0.000000  -0.000981
-0.007569   0.011741
 0.080280  -0.014698
-0.015550  -0.016922
-0.014352   0.029675
 0.056191   0.025024
 0.013567   0.009465
 0.055056   0.033338
-0.021918   0.004540
-0.018419  -0.006370
-0.016068  -0.025882
 0.052573   0.015795
-0.019397   0.016454
-0.003928  -0.010020
 0.036043   0.038624
-0.001261  -0.007962
-0.036083  -0.020642
 0.025911   0.014406
 0.013972   0.011553
-0.034643  -0.000880
-0.017116   0.017526
-0.008002  -0.020182
 0.001339   0.000000
 0.044447   0.041670
 0.000000  -0.004259
-0.049810  -0.028585
-0.009455   0.015696
-0.068804  -0.040603
 0.015864  -0.005425
 0.008543  -0.012761
-0.004269   0.003663
-0.030366  -0.023115
-0.017777   0.025853
 0.017044   0.004550
 0.016759   0.023316
 0.012926   0.015834
-0.011476   0.004131
 0.024234  -0.014667
 0.025034   0.013143
 0.001369   0.008662
-0.001371  -0.009535
-0.023627  -0.020233
-0.002112  -0.013420
-0.035140  -0.032038
-0.035669   0.002786
-0.070508   0.000000
 0.038220   0.037325
-0.012579  -0.010778
 0.009445  -0.038678
-0.017390  -0.000940
 0.009524   0.011217
-0.030480   0.028403
 0.003255   0.024976
 0.041343   0.042264
 0.015460  -0.015317
 0.010683   0.008543
 0.019538  -0.027587
 0.013301  -0.021203
-0.043513   0.047942
-0.015459   0.025210
 0.010841  -0.014211
 0.021341   0.068322
 0.047141   0.052080
-0.039625  -0.003737
-0.022716  -0.007518
 0.021213   0.020175
-0.047595   0.002956
 0.029433   0.036920
 0.009118   0.002128
 0.010534  -0.007115
-0.012052   0.011365
 0.048790   0.043529
-0.008698   0.008077
 0.018743  -0.004701
-0.017289  -0.039167
 0.002906   0.024917
 0.041171   0.022309
 0.008305   0.021820
-0.012488   0.027732
 0.013873   0.032545
-0.042198  -0.015510
-0.017390  -0.013217
-0.028173   0.011968
 0.004500   0.013686
-0.016607  -0.032647
 0.050455  -0.021285
 0.039721   0.020645
 0.013814   0.018351
 0.045585   0.035116
 0.042341   0.007234
 0.011247  -0.014525
 0.046120   0.018724
-0.007145   0.007154
-0.014444   0.000000
 0.004838   0.008870
 0.004818   0.000590
-0.020621   0.008791
