date              ge
19980102       0.008518
19980105       0.017736
19980106      -0.013278
19980107       0.008410
19980108      -0.009174
19980109      -0.024411
19980112       0.027610
19980113       0.003359
19980114      -0.004184
19980115      -0.022689
19980116       0.009458
19980120       0.029813
19980121       0.000000
19980122      -0.004963
19980123      -0.014963
19980126       0.008439
19980127       0.020921
19980128       0.000000
19980129       0.011475
19980130       0.004862
19980202       0.013710
19980203      -0.012729
19980204      -0.008864
19980205      -0.002439
19980206       0.013040
19980209      -0.008045
19980210       0.005677
19980211       0.012097
19980212       0.000797
19980213      -0.008758
19980217       0.003213
19980218       0.004804
19980219      -0.007968
19980220       0.004819
19980223      -0.006395
19980224      -0.012068
19980225       0.004886
19980226      -0.001621
19980227       0.009740
19980302      -0.015273
19980303       0.008980
19980304      -0.012136
19980305       0.004750
19980306       0.024550
19980309       0.003195
19980310       0.003185
19980311       0.003175
19980312       0.002373
19980313      -0.011050
19980316       0.013567
19980317       0.007874
19980318      -0.003906
19980319       0.004706
19980320       0.019516
19980323      -0.014548
19980324       0.027195
19980325      -0.007564
19980326       0.005335
19980327       0.012889
19980330       0.021707
19980331       0.010256
19980401       0.002901
19980402       0.015184
19980403      -0.004274
19980406      -0.006438
19980407       0.003600
19980408      -0.011478
19980409       0.004354
19980413       0.003613
19980414      -0.002160
19980415      -0.000722
19980416      -0.010830
19980417       0.018978
19980420      -0.012894
19980421      -0.000726
19980422      -0.010167
19980423      -0.008804
19980424      -0.006662
19980427      -0.017139
19980428      -0.015921
19980429       0.014638
19980430       0.034928
19980501      -0.002201
19980504      -0.007353
19980505      -0.012593
19980506      -0.003001
19980507      -0.014296
19980508       0.016031
19980511       0.000000
19980512       0.003005
19980513       0.014232
19980514      -0.005908
19980515      -0.017831
19980518      -0.001513
19980519       0.004545
19980520       0.033937
19980521       0.002918
19980522      -0.010909
19980526      -0.025735
19980527       0.011321
19980528       0.007463
19980529      -0.011852
19980601      -0.005997
19980602      -0.001508
19980603      -0.017372
19980604       0.026134
19980605       0.015730
19980608      -0.003687
19980609       0.004441
19980610       0.005158
19980611      -0.012463
19980612       0.012621
19980615      -0.016129
19980616       0.016393
19980617       0.027126
19980618       0.004283
19980619      -0.010661
19980622      -0.010057
19980623       0.023222
19980624       0.019149
19980625      -0.000696
19980626       0.003482
19980629       0.009022
19980630       0.000000
19980701       0.003439
19980702      -0.002742
19980706       0.013608
19980707       0.008163
19980708       0.007422
19980709       0.008707
19980710      -0.003320
19980713      -0.002665
19980714       0.016032
19980715      -0.010519
19980716       0.017940
19980717       0.009791
19980720      -0.012282
19980721      -0.026832
19980722      -0.016812
19980723      -0.015048
19980724       0.018750
19980727       0.003408
19980728      -0.012908
19980729      -0.014453
19980730       0.020251
19980731      -0.020534
19980803       0.000699
19980804      -0.045391
19980805       0.015362
19980806       0.023775
19980807      -0.007741
19980810      -0.003546
19980811      -0.005694
19980812       0.023622
19980813      -0.016783
19980814      -0.004979
19980817       0.021444
19980818       0.016095
19980819       0.005510
19980820      -0.008904
19980821      -0.008984
19980824       0.001395
19980825       0.006267
19980826       0.001384
19980827      -0.042847
19980828      -0.007942
19980831      -0.068413
19980901       0.033594
19980902      -0.027967
19980903      -0.032659
19980904      -0.024116
19980908       0.079077
19980909      -0.020611
19980910      -0.038971
19980911       0.028386
19980914      -0.001577
19980915      -0.013428
19980916       0.023219
19980917      -0.020344
19980918      -0.004792
19980921       0.017657
19980922       0.007886
19980923       0.052426
19980924      -0.027509
19980925       0.016055
19980928       0.009631
19980929      -0.008227
19980930      -0.039970
19981001      -0.050275
19981002      -0.002481
19981005      -0.031509
19981006       0.010274
19981007       0.016949
19981008      -0.045833
19981009       0.013100
19981012       0.021552
19981013       0.027848
19981014       0.019704
19981015       0.056361
19981016       0.022104
19981019      -0.005220
19981020      -0.013493
19981021       0.019757
19981022       0.031297
19981023       0.000723
19981026      -0.007942
19981027      -0.004367
19981028      -0.006579
19981029       0.022075
19981030       0.007919
19981102      -0.001429
19981103       0.012876
19981104       0.002825
19981105       0.023239
19981106      -0.004818
19981109      -0.017981
19981110       0.003521
19981111      -0.021053
19981112      -0.006452
19981113       0.018038
19981116       0.025514
19981117      -0.004838
19981118       0.019444
19981119       0.008856
19981120       0.001350
19981123       0.020904
19981124      -0.003963
19981125      -0.011273
19981127      -0.009390
19981130      -0.020988
19981201       0.008299
19981202      -0.002058
19981203      -0.031615
19981204       0.023421
19981207       0.007628
19981208      -0.004129
19981209      -0.004838
19981210      -0.017361
19981211       0.007067
19981214      -0.025263
19981215       0.072714
19981216      -0.012081
19981217       0.025136
19981218       0.027170
19981221       0.015484
19981222       0.006989
19981223       0.023344
19981224      -0.004316
19981228       0.007430
19981229       0.018808
19981230      -0.009080
19981231      -0.003054
19990104      -0.014093
19990105       0.021131
19990106       0.019477
19990107      -0.016716
19990108      -0.005464
19990111      -0.026252
19990112      -0.019436
19990113      -0.012148
19990114       0.005178
19990115       0.037991
19990119       0.006824
19990120      -0.010474
19990121      -0.010585
19990122      -0.014475
19990125       0.026820
19990126       0.014925
19990127      -0.004902
19990128       0.019089
19990129       0.013897
19990201      -0.025626
19990202      -0.001835
19990203       0.008578
19990204      -0.026731
19990205      -0.021223
19990208      -0.004464
19990209      -0.016015
19990210       0.020182
19990211       0.021059
19990212      -0.023750
19990216       0.014085
19990217       0.003157
19990218       0.013216
19990219      -0.002484
19990222       0.036115
19990223      -0.009615
19990224      -0.019417
19990225      -0.006188
19990226      -0.000623
19990301       0.006231
19990302      -0.016099
19990303      -0.005664
19990304       0.021266
19990305       0.031716
19990308       0.010850
19990309       0.011330
19990310      -0.002358
19990311       0.012411
19990312       0.002919
19990315       0.025611
19990316      -0.001135
19990317      -0.014205
19990318       0.014409
19990319       0.018182
19990322      -0.014509
19990323      -0.034541
19990324       0.001760
19990325       0.016393
19990326      -0.006336
19990329       0.038841
19990330       0.011719
19990331      -0.023718
19990401       0.009040
19990405       0.026876
19990406      -0.011450
19990407       0.010480
19990408      -0.005459
19990409      -0.014819
19990412       0.038440
19990413       0.003755
19990414      -0.024586
19990415      -0.013699
19990416      -0.011111
19990419      -0.058427
19990420       0.043556
19990421       0.038879
19990422      -0.002752
19990423      -0.003311
19990426       0.005537
19990427      -0.008811
19990428      -0.008889
19990429      -0.034753
19990430      -0.020906
19990503       0.002372
19990504      -0.006509
19990505       0.038714
19990506      -0.006881
19990507       0.015589
19990510      -0.010802
19990511       0.020115
19990512      -0.006761
19990513      -0.007941
19990514      -0.030875
19990517       0.002950
19990518      -0.018824
19990519       0.035971
19990520      -0.014468
19990521      -0.021726
19990524      -0.006002
19990525      -0.010870
19990526       0.007326
19990527      -0.023636
19990528       0.009932
19990601       0.008605
19990602      -0.004875
19990603       0.007961
19990604       0.019441
19990607      -0.004172
19990608      -0.019749
19990609       0.003053
19990610      -0.016433
19990611       0.003403
19990614       0.023743
19990615       0.004217
19990616       0.025195
19990617       0.015214
19990618      -0.008069
19990621      -0.018594
19990622       0.002960
19990623      -0.000590
19990624       0.008860
19990625      -0.021663
19990628       0.016756
19990629       0.032961
19990630       0.030199
19990701      -0.013274
19990702       0.010650
19990706       0.014199
19990707       0.035107
19990708      -0.007949
19990709       0.001068
19990712      -0.018143
19990713       0.004891
19990714       0.002163
19990715       0.015111
19990716       0.011164
19990719       0.009464
19990720      -0.020312
19990721      -0.005316
19990722      -0.016569
19990723       0.001630
19990726      -0.010309
19990727       0.019737
19990728      -0.019355
19990729      -0.017544
19990730      -0.026786
19990802      -0.010321
19990803       0.000000
19990804      -0.010429
19990805       0.026347
19990806      -0.023388
19990809      -0.018107
19990810      -0.001785
19990811       0.011323
19990812      -0.009428
19990813       0.025580
19990816       0.019142
19990817       0.014798
19990818       0.002243
19990819      -0.006156
19990820       0.016329
19990823       0.033241
19990824       0.000536
19990825       0.023044
19990826      -0.003143
19990827      -0.019968
19990830      -0.019839
19990831      -0.016958
19990901       0.012243
19990902      -0.006597
19990903       0.030714
19990907       0.029262
19990908       0.008868
19990909      -0.009307
19990910      -0.004697
19990913      -0.005244
19990914      -0.015287
19990915      -0.006424
19990916       0.010776
19990917       0.023454
19990920       0.016667
19990921      -0.022541
19990922      -0.002096
19990923      -0.018908
19990924       0.010707
19990927       0.016949
19990928      -0.010625
19990929      -0.016367
19990930       0.018250
19991001      -0.010016
19991004       0.022897
19991005       0.007288
19991006       0.022739
19991007      -0.014654
19991008       0.023590
19991011      -0.013026
19991012      -0.014213
19991013      -0.014933
19991014       0.004705
19991015      -0.036420
19991018       0.016199
19991019       0.003719
19991020       0.030175
19991021       0.013361
19991022       0.019270
19991025      -0.002985
19991026       0.002994
19991027       0.022388
19991028       0.035523
19991029       0.018797
19991101      -0.045203
19991102      -0.007246
19991103       0.022871
19991104       0.003806
19991105       0.014218
19991108       0.001869
19991109      -0.004664
19991110       0.004686
19991111       0.000000
19991112       0.010261
19991115       0.000923
19991116       0.030443
19991117       0.011191
19991118      -0.012838
19991119      -0.012108
19991122       0.018157
19991123      -0.017387
19991124      -0.006352
19991126      -0.009132
19991129      -0.018433
19991130      -0.022535
19991201       0.034102
19991202       0.000929
19991203       0.011601
19991206       0.009174
19991207       0.009091
19991208       0.030631
19991209       0.003934
19991210       0.026992
19991213       0.009326
19991214       0.007140
19991215      -0.015013
19991216       0.000000
19991217       0.026249
19991220       0.014439
19991221       0.026840
19991222       0.002994
19991223      -0.002375
19991227       0.012698
19991228      -0.006661
19991229      -0.011834
19991230      -0.009980
19991231      -0.001613
20000103      -0.030695
20000104      -0.038750
20000105      -0.005202
20000106       0.015577
20000107       0.038721
20000110      -0.000413
20000111       0.002479
20000112       0.002473
20000113       0.011513
20000114      -0.017886
20000118      -0.019868
20000119       0.004856
20000120      -0.018701
20000121      -0.012420
20000124      -0.041631
20000125       0.002715
20000126       0.021209
20000127       0.002209
20000128      -0.054674
20000131      -0.002799
20000201       0.017774
20000202      -0.014246
20000203       0.038695
20000204       0.016607
20000207      -0.035762
20000208       0.004121
20000209      -0.021888
20000210       0.010256
20000211      -0.012460
20000214       0.004673
20000215       0.023256
20000216      -0.013409
20000217      -0.035245
20000218      -0.042980
20000222       0.034930
20000223       0.006750
20000224       0.003831
20000225      -0.037214
20000228       0.022299
20000229       0.026660
20000301      -0.007554
20000302       0.029496
20000303       0.030499
20000306      -0.010960
20000307      -0.054570
20000308       0.002886
20000309       0.011031
20000310      -0.000474
20000313      -0.017086
20000314      -0.018831
20000315       0.051673
20000316       0.040711
20000317       0.006295
20000320       0.007596
20000321       0.064302
20000322       0.005833
20000323       0.060481
20000324      -0.005859
20000327      -0.007073
20000328      -0.012268
20000329       0.048077
20000330      -0.029052
20000331      -0.019685
20000403       0.020080
20000404      -0.033071
20000405      -0.001221
20000406       0.023237
20000407       0.012351
20000410       0.003935
20000411       0.013720
20000412      -0.030162
20000413      -0.041467
20000414      -0.029950
20000417       0.042882
20000418       0.029605
20000419      -0.006390
20000420       0.016077
20000424       0.025712
20000425       0.024296
20000426      -0.016566
20000427      -0.010720
20000428      -0.026316
20000501       0.013514
20000502       0.010588
20000503      -0.031044
20000504      -0.013216
20000505       0.015422
20000508       0.005995
20000509      -0.010727
20000510      -0.022892
20000511       0.004932
20000512       0.025767
20000515       0.033493
20000516       0.006944
20000517      -0.013793
20000518      -0.009324
20000519      -0.023529
20000522      -0.036145
20000523      -0.010000
20000524       0.025253
20000525       0.000000
20000526      -0.023399
20000530       0.039092
20000531       0.023058
20000601      -0.005931
20000602       0.005967
20000605      -0.022539
20000606      -0.006068
20000607       0.003663
20000608      -0.009732
20000609      -0.031941
20000612       0.012690
20000613       0.026316
20000614      -0.006105
20000615       0.019656
20000616      -0.014458
20000619       0.003667
20000620      -0.007308
20000621      -0.029448
20000622      -0.018963
20000623       0.016753
20000626       0.012674
20000627      -0.008761
20000628       0.020202
20000629      -0.014851
20000630       0.065327
20000703      -0.022406
20000705      -0.035963
20000706       0.007528
20000707       0.022416
20000710       0.021924
20000711       0.014303
20000712       0.001175
20000713      -0.016432
20000714      -0.003580
20000717       0.028743
20000718      -0.022119
20000719       0.011905
20000720       0.021176
20000721      -0.001152
20000724      -0.008074
20000725       0.002326
20000726      -0.031323
20000727       0.001198
20000728      -0.026316
20000731       0.011057
20000801       0.025516
20000802      -0.008294
20000803      -0.005974
20000804       0.015625
20000807       0.007101
20000808       0.010576
20000809       0.040698
20000810       0.018994
20000811      -0.007675
20000814       0.008840
20000815       0.003286
20000816      -0.008734
20000817      -0.001101
20000818      -0.005513
20000821       0.008869
20000822      -0.012088
20000823       0.030033
20000824       0.020518
20000825       0.004233
20000828       0.011591
20000829      -0.004167
20000830      -0.039749
20000831       0.022876
20000901      -0.009585
20000905       0.010753
20000906       0.004255
20000907      -0.001059
20000908       0.016967
20000911      -0.004171
20000912      -0.005236
20000913      -0.001053
20000914      -0.008430
20000915      -0.034006
20000918       0.016502
20000919      -0.014069
20000920      -0.005488
20000921       0.022075
20000922      -0.009719
20000925       0.013086
20000926       0.004306
20000927       0.019293
20000928      -0.007361
20000929      -0.019929
20001002       0.014085
20001003       0.009615
20001004      -0.003175
20001005       0.014862
20001006      -0.005230
20001009      -0.015773
20001010      -0.007479
20001011      -0.024758
20001012      -0.037528
20001013       0.045872
20001016       0.013158
20001017      -0.036797
20001018      -0.002247
20001019       0.002252
20001020      -0.060674
20001023      -0.047847
20001024       0.071608
20001025      -0.007034
20001026      -0.015348
20001027       0.002398
20001030       0.033493
20001031       0.015046
20001101      -0.006842
20001102      -0.013777
20001103      -0.006985
20001106       0.022274
20001107       0.008028
20001108      -0.006826
20001109       0.000000
20001110      -0.012600
20001113      -0.045244
20001114       0.025516
20001115      -0.004739
20001116       0.002381
20001117      -0.014252
20001120      -0.034940
20001121       0.013733
20001122      -0.043103
20001124       0.016731
20001127      -0.005063
20001128       0.013995
20001129      -0.002509
20001130      -0.002516
20001201       0.029004
20001204       0.012255
20001205       0.048426
20001206      -0.003464
20001207      -0.008111
20001208       0.031542
20001211       0.002265
20001212      -0.045198
20001213       0.003550
20001214      -0.029481
20001215      -0.031592
20001218       0.023839
20001219      -0.017157
20001220      -0.053616
20001221       0.009223
20001222       0.020888
20001226       0.008951
20001227      -0.019569
20001228       0.005188
20001229      -0.010323
20010102      -0.087353
20010103       0.092857
20010104       0.005229
20010105      -0.015605
20010108      -0.036988
20010109      -0.020576
20010110       0.001401
20010111       0.041958
20010112      -0.018792
20010116       0.036936
20010117      -0.014512
20010118       0.020080
20010119      -0.013123
20010122      -0.026596
20010123       0.020492
20010124      -0.008032
20010125      -0.008097
20010126      -0.028571
20010129      -0.005490
20010130       0.042136
20010131      -0.005838
20010201       0.005437
20010202       0.001082
20010205       0.033924
20010206      -0.005225
20010207      -0.013655
20010208       0.004047
20010209      -0.031396
20010212       0.040517
20010213      -0.007367
20010214      -0.019084
20010215       0.037181
20010216      -0.020425
20010220       0.014681
20010221      -0.008178
20010222      -0.004228
20010223      -0.019533
20010226       0.038978
20010227       0.000417
20010228      -0.031250
20010301      -0.012688
20010302      -0.029188
20010305       0.015033
20010306       0.007542
20010307       0.012329
20010308      -0.002392
20010309      -0.044909
20010312      -0.096097
20010313       0.068939
20010314      -0.030711
20010315       0.001219
20010316      -0.011685
20010319       0.012315
20010320      -0.025547
20010321      -0.026217
20010322      -0.033333
20010323       0.060743
20010326       0.006001
20010327       0.041760
20010328      -0.008590
20010329      -0.003610
20010330       0.011111
20010402      -0.001433
20010403      -0.050718
20010404      -0.002016
20010405       0.063131
20010406      -0.022090
20010409       0.020160
20010410       0.043571
20010411      -0.012777
20010412       0.033048
20010416      -0.001119
20010417       0.018141
20010418       0.053454
20010419       0.012946
20010420      -0.008452
20010423      -0.018711
20010424      -0.025636
20010425       0.039574
20010426       0.031165
20010427       0.013185
20010430      -0.028428
20010501       0.007830
20010502       0.003885
20010503      -0.012220
20010504       0.029485
20010507       0.000601
20010508      -0.009608
20010509      -0.001010
20010510       0.008092
20010511      -0.016456
20010514       0.014691
20010515       0.008446
20010516       0.041077
20010517      -0.001915
20010518       0.016887
20010521       0.007737
20010522      -0.013483
20010523      -0.025247
20010524       0.000974
20010525      -0.028210
20010529      -0.005606
20010530      -0.013086
20010531      -0.000408
20010601       0.000000
20010604       0.009184
20010605      -0.005460
20010606      -0.008743
20010607       0.003282
20010608      -0.015743
20010611      -0.015372
20010612       0.028903
20010613      -0.018864
20010614       0.021108
20010615      -0.001023
20010618       0.003893
20010619      -0.002653
20010620       0.038879
20010621       0.009454
20010622       0.011902
20010625      -0.031045
20010626      -0.029055
20010627      -0.010863
20010628       0.012640
20010629      -0.002455
20010702       0.029744
20010703      -0.013745
20010705      -0.017774
20010706      -0.032598
20010709      -0.000853
20010710      -0.023266
20010711      -0.025131
20010712       0.053575
20010713       0.009574
20010716      -0.025922
20010717      -0.002380
20010718       0.000868
20010719       0.007151
20010720       0.003227
20010723      -0.028522
20010724      -0.028698
20010725      -0.004545
20010726      -0.001142
20010727       0.020571
20010730      -0.023516
20010731      -0.002294
20010801      -0.016092
20010802      -0.014019
20010803       0.013033
20010806      -0.031813
20010807       0.033341
20010808      -0.026187
20010809       0.006002
20010810       0.015990
20010813      -0.007987
20010814      -0.008998
20010815      -0.001673
20010816      -0.004308
20010817      -0.019231
20010820       0.017892
20010821      -0.025524
20010822       0.009390
20010823       0.004651
20010824       0.023148
20010827       0.004287
20010828      -0.022291
20010829      -0.015038
20010830      -0.010096
20010831       0.019403
20010904      -0.003660
20010905       0.021308
20010906      -0.028777
20010907      -0.020741
20010910      -0.007816
20010917      -0.106734
20010918      -0.036984
20010919      -0.039882
20010920      -0.065538
20010921       0.030622
20010924       0.124601
20010925       0.008523
20010926       0.003944
20010927       0.013247
20010928       0.034771
20011001       0.011828
20011002       0.010893
20011003       0.002628
20011004      -0.019921
20011005       0.001605
20011008      -0.017357
20011009       0.000543
20011010       0.029603
20011011       0.027433
20011012       0.001284
20011015      -0.003590
20011016      -0.010036
20011017      -0.037432
20011018       0.005941
20011019       0.000000
20011022       0.009664
20011023      -0.009040
20011024      -0.005098
20011025       0.021305
20011026       0.026670
20011029      -0.037294
20011030      -0.029121
20011031       0.001926
20011101       0.041197
20011102       0.001319
20011105       0.021338
20011106       0.026567
20011107      -0.011307
20011108       0.025413
20011109       0.001487
20011112      -0.024251
20011113       0.028658
20011114       0.007890
20011115       0.016389
20011116      -0.016847
20011119       0.009792
20011120      -0.003636
20011121      -0.015815
20011123       0.014091
20011126       0.007313
20011127      -0.006050
20011128      -0.041880
20011129       0.009657
20011130      -0.030959
20011203      -0.041039
20011204       0.011647
20011205       0.005355
20011206       0.005326
20011207      -0.015894
20011210      -0.009421
20011211      -0.000272
20011212       0.007067
20011213       0.000000
20011214       0.016194
20011217       0.017264
20011218       0.037076
20011219       0.026687
20011220       0.001471
20011221       0.012488
20011224      -0.005320
20011226      -0.014102
20011227       0.014303
20011228      -0.005372
20011231      -0.015959
20020102       0.021707
20020103      -0.008303
20020104       0.008372
20020107      -0.038828
20020108      -0.010417
20020109      -0.010270
20020110       0.001556
20020111      -0.009842
20020114      -0.008632
20020115       0.021372
20020116      -0.025575
20020117       0.027306
20020118      -0.001806
20020122      -0.009824
20020123      -0.016971
20020124      -0.002656
20020125       0.018908
20020128      -0.002875
20020129      -0.044299
20020130       0.011520
20020131       0.007321
20020201      -0.008075
20020204      -0.050203
20020205       0.034571
20020206       0.020713
20020207       0.006494
20020208       0.001344
20020211       0.014765
20020212      -0.007936
20020213       0.016000
20020214      -0.002625
20020215      -0.023421
20020219      -0.019132
20020220       0.032143
20020221      -0.001331
20020222       0.015192
20020225       0.029142
20020226      -0.011480
20020227       0.004645
20020228      -0.006452
20020301       0.024675
20020304       0.019011
20020305       0.007463
20020306       0.025926
20020307      -0.014440
20020308      -0.008547
20020311       0.013547
20020312      -0.001215
20020313      -0.026764
20020314       0.010250
20020315      -0.005444
20020318      -0.007216
20020319       0.000000
20020320      -0.027569
20020321      -0.034794
20020322       0.011215
20020325      -0.021917
20020326       0.007289
20020327       0.003752
20020328       0.000000
20020401      -0.004005
20020402      -0.005362
20020403      -0.009434
20020404       0.014966
20020405      -0.005362
20020408      -0.006469
20020409      -0.011123
20020410       0.020576
20020411      -0.092742
20020412      -0.005926
20020415      -0.050671
20020416       0.039246
20020417       0.016616
20020418       0.004458
20020419      -0.002959
20020422      -0.024926
20020423      -0.001826
20020424      -0.009146
20020425      -0.013846
20020426      -0.017161
20020429      -0.020635
20020430       0.022690
20020501       0.004754
20020502      -0.003155
20020503       0.003165
20020506      -0.023028
20020507      -0.010333
20020508       0.071778
20020509      -0.041400
20020510      -0.026675
20020513       0.006525
20020514       0.023663
20020515      -0.020583
20020516       0.034594
20020517       0.045313
20020520      -0.025411
20020521      -0.013804
20020522      -0.007154
20020523       0.032268
20020524      -0.010622
20020528      -0.016871
20020529      -0.020281
20020530      -0.006369
20020531      -0.001923
20020603      -0.033076
20020604      -0.001993
20020605       0.003328
20020606      -0.028192
20020607       0.030717
20020610      -0.008278
20020611      -0.018364
20020612       0.032313
20020613      -0.016474
20020614      -0.005025
20020617       0.027273
20020618       0.020977
20020619      -0.025682
20020620      -0.021417
20020621      -0.025253
20020624       0.022452
20020625      -0.023649
20020626       0.026990
20020627       0.013559
20020628      -0.028428
20020701      -0.020654
20020702      -0.012302
20020703      -0.007117
20020705       0.064158
20020708      -0.008757
20020709      -0.038396
20020710      -0.044170
20020711       0.011091
20020712       0.045704
20020715      -0.012238
20020716      -0.024779
20020717       0.025408
20020718      -0.019469
20020719      -0.042599
20020722      -0.032428
20020723      -0.033515
20020724       0.069758
20020725       0.004523
20020726       0.043152
20020729       0.095324
20020730       0.037767
20020731       0.018987
20020801      -0.024845
20020802      -0.060510
20020805      -0.040678
20020806       0.047703
20020807       0.037100
20020808       0.039024
20020809       0.014085
20020812      -0.004630
20020813      -0.040310
20020814       0.030695
20020815       0.012226
20020816      -0.022917
20020819       0.042472
20020820      -0.019459
20020821       0.001550
20020822       0.012384
20020823      -0.013761
20020826      -0.005581
20020827      -0.003742
20020828      -0.020344
20020829      -0.030351
20020830      -0.006590
20020903      -0.056053
20020904       0.008433
20020905      -0.024390
20020906       0.010714
20020909       0.016961
20020910       0.010424
20020911      -0.002751
20020912      -0.034483
20020913      -0.033929
20020916       0.031423
20020917      -0.007168
20020918      -0.012635
20020919      -0.029250
20020920       0.007533
20020923      -0.013084
20020924      -0.018939
20020925       0.049421
20020926      -0.022593
20020927      -0.072755
20020930       0.007356
20021001       0.062880
20021002      -0.053435
20021003      -0.007258
20021004      -0.024777
20021007      -0.044148
20021008       0.017429
20021009      -0.057816
20021010       0.027273
20021011       0.071239
20021014       0.005783
20021015       0.075975
20021016      -0.022901
20021017       0.050391
20021018      -0.008925
20021021       0.018762
20021022      -0.002947
20021023      -0.006280
20021024      -0.033457
20021025       0.009231
20021028       0.000381
20021029      -0.015238
20021030      -0.027079
20021031       0.003976
20021101       0.029703
20021104       0.019231
20021105       0.000000
20021106       0.003774
20021107      -0.018421
20021108      -0.038683
20021111      -0.035458
20021112      -0.014870
20021113       0.010063
20021114       0.017020
20021115      -0.026122
20021118      -0.010897
20021119       0.012712
20021120       0.037657
20021121       0.082661
20021122      -0.014898
20021125       0.013232
20021126      -0.016791
20021127       0.030361
20021129      -0.001105
20021202       0.002950
20021203      -0.016544
20021204      -0.008598
20021205      -0.027149
20021206       0.009690
20021209      -0.021113
20021210       0.016863
20021211       0.008099
20021212      -0.009181
20021213      -0.015444
20021216       0.036471
20021217      -0.016269
20021218      -0.013077
20021219      -0.010133
20021220       0.021654
20021223      -0.008478
20021224      -0.015546
20021226      -0.001184
20021227      -0.016205
20021230      -0.008097
20021231      -0.006122
20030102       0.046407
20030103      -0.003140
20030106       0.025591
20030107      -0.005758
20030108      -0.015444
20030109       0.015686
20030110      -0.009653
20030113      -0.000390
20030114       0.002730
20030115      -0.020226
20030116      -0.006352
20030117      -0.005993
20030121      -0.032958
20030122      -0.021197
20030123       0.016985
20030124      -0.037161
20030127      -0.000434
20030128       0.004338
20030129      -0.005184
20030130      -0.020842
20030131       0.026164
20030203       0.022040
20030204      -0.025370
20030205      -0.002169
20030206      -0.004783
20030207      -0.008301
20030210      -0.003084
20030211      -0.005745
20030212      -0.011111
20030213      -0.003596
20030214       0.013983
20030218       0.019128
20030219       0.019206
20030220       0.000000
20030221       0.019272
20030224      -0.015966
20030225       0.023911
20030226      -0.017515
20030227       0.022679
20030228       0.006276
20030303      -0.006237
20030304      -0.020921
20030305       0.017094
20030306       0.006303
20030307       0.014614
20030310      -0.028807
20030311      -0.010593
20030312       0.019272
20030313       0.059244
20030314       0.017453
20030317       0.024172
20030318       0.004949
20030319       0.021970
20030320      -0.004818
20030321       0.042831
20030324      -0.045357
20030325       0.009353
20030326      -0.014084
20030327      -0.006015
20030328      -0.015507
20030331      -0.020361
20030401       0.024706
20030402       0.035209
20030403       0.018484
20030404       0.002904
20030407       0.004705
20030408       0.010807
20030409      -0.027085
20030410       0.002930
20030411      -0.000730
20030414       0.014620
20030415       0.019452
20030416      -0.016608
20030417       0.023715
20030421      -0.011583
20030422       0.029474
20030423       0.013798
20030424      -0.009867
20030425       0.000344
20030428       0.014085
20030429      -0.004065
20030430       0.001701
20030501      -0.011885
20030502      -0.000687
20030505      -0.008597
20030506       0.010059
20030507      -0.009272
20030508      -0.013172
20030509       0.018616
20030512      -0.001035
20030513      -0.014498
20030514       0.002102
20030515      -0.004544
20030516      -0.022121
20030519      -0.010772
20030520       0.006534
20030521      -0.004688
20030522       0.004710
20030523      -0.003246
20030527       0.024240
20030528      -0.001413
20030529      -0.000707
20030530       0.015929
20030602       0.010453
20030603       0.001724
20030604       0.010671
20030605       0.014305
20030606       0.017461
20030609      -0.005281
20030610       0.014930
20030611       0.012749
20030612       0.002905
20030613      -0.013518
20030616       0.022512
20030617      -0.004467
20030618      -0.015064
20030619      -0.028311
20030620       0.005023
20030623      -0.004665
20030624       0.002009
20030625      -0.022386
20030626       0.002734
20030627      -0.018182
20030630       0.002096
20030701      -0.001743
20030702      -0.000699
20030703      -0.002097
20030707       0.025219
20030708      -0.015716
20030709      -0.014925
20030710      -0.006695
20030711      -0.002483
20030714      -0.002845
20030715      -0.013195
20030716      -0.010481
20030717      -0.010226
20030718       0.025092
20030721      -0.022318
20030722       0.009205
20030723       0.000365
20030724       0.000729
20030725       0.036079
20030728      -0.002110
20030729      -0.016567
20030730       0.002509
20030731       0.016804
20030801       0.000703
20030804       0.000703
20030805      -0.023876
20030806      -0.004317
20030807       0.014451
20030808       0.000000
20030811       0.007123
20030812       0.001768
20030813      -0.010942
20030814       0.018915
20030815       0.008056
20030818       0.035441
20030819       0.001678
20030820      -0.013400
20030821       0.024109
20030822      -0.009284
20030825      -0.001004
20030826       0.001005
20030827      -0.004351
20030828      -0.002353
20030829      -0.003706
20030902       0.029422
20030903       0.022339
20030904       0.006427
20030905      -0.008940
20030908       0.010954
20030909      -0.007011
20030910      -0.004172
20030911       0.014502
20030912       0.001588
20030915      -0.004123
20030916       0.016879
20030917      -0.006577
20030918       0.012295
20030919      -0.005606
20030922      -0.016599
20030923       0.005096
20030924      -0.023764
20030925      -0.007790
20030926      -0.016787
20030929       0.016739
20030930      -0.018439
20031001       0.027508
20031002       0.003918
20031003       0.002276
20031006      -0.000973
20031007      -0.001949
20031008      -0.017247
20031009      -0.002318
20031010      -0.026883
20031013      -0.013301
20031014       0.012444
20031015      -0.015022
20031016       0.005893
20031017      -0.016196
20031020       0.008056
20031021       0.003475
20031022      -0.018352
20031023       0.001411
20031024      -0.003170
20031027      -0.002827
20031028       0.010631
20031029       0.010870
20031030       0.001734
20031031       0.004501
20031103      -0.007239
20031104      -0.004861
20031105      -0.008025
20031106       0.000352
20031107      -0.011252
20031110       0.001778
20031111      -0.002130
20031112       0.020989
20031113      -0.012544
20031114      -0.016232
20031117      -0.002511
20031118       0.022654
20031119       0.036217
20031120      -0.017645
20031121      -0.013472
20031124       0.006653
20031125       0.005565
20031126      -0.004843
20031128      -0.003476
20031201       0.012557
20031202       0.015501
20031203       0.001357
20031204      -0.012534
20031205      -0.001715
20031208       0.009278
20031209       0.006469
20031210       0.005413
20031211       0.022880
20031212      -0.009539
20031215       0.007307
20031216       0.010551
20031217       0.002610
20031218       0.003905
20031219       0.001297
20031222       0.003561
20031223       0.003226
20031224      -0.006431
20031226      -0.005825
20031229       0.010091
20031230      -0.003568
20031231       0.008464
20040102       0.004519
20040105       0.014781
20040106      -0.006650
20040107       0.009882
20040108       0.017992
20040109      -0.013954
20040112       0.009120
20040113      -0.014958
20040114       0.012338
20040115       0.000000
20040116       0.042187
20040120       0.000300
20040121       0.014688
20040122      -0.009749
20040123      -0.009248
20040126       0.028004
20040127       0.001465
20040128      -0.012577
20040129       0.007998
20040130      -0.011754
20040202       0.000000
20040203      -0.012489
20040204      -0.000903
20040205       0.010247
20040206      -0.010143
20040209      -0.008740
20040210      -0.011858
20040211       0.017846
20040212      -0.006651
20040213      -0.004260
20040217       0.010086
20040218      -0.009077
20040219      -0.004580
20040220       0.003068
20040223       0.022018
20040224      -0.004189
20040225      -0.009315
20040226      -0.003033
20040227      -0.004591
20040301       0.008303
20040302      -0.009149
20040303       0.011080
20040304       0.001522
20040305      -0.003951
20040308      -0.028685
20040309      -0.008483
20040310      -0.014575
20040311      -0.021865
20040312       0.005917
20040315      -0.009804
20040316       0.006601
20040317       0.008525
20040318      -0.001300
20040319      -0.018880
20040322      -0.024220
20040323      -0.007140
20040324      -0.000685
20040325       0.017820
20040326       0.013468
20040329       0.012625
20040330       0.006890
20040331      -0.005539
20040401       0.003277
20040402       0.014370
20040405       0.016742
20040406      -0.001900
20040407      -0.003807
20040408       0.000318
20040412       0.006686
20040413      -0.019608
20040414      -0.016774
20040415       0.009186
20040416       0.015280
20040419      -0.004163
20040420      -0.020257
20040421       0.007548
20040422       0.004886
20040423      -0.005186
20040426       0.001955
20040427      -0.006504
20040428      -0.017349
20040429       0.000999
20040430      -0.003328
20040503       0.011686
20040504       0.004621
20040505       0.001643
20040506      -0.000656
20040507      -0.015425
20040510       0.001000
20040511       0.007326
20040512       0.004959
20040513      -0.001645
20040514      -0.006260
20040517      -0.006300
20040518       0.015349
20040519      -0.005915
20040520      -0.000661
20040521       0.013893
20040524       0.004241
20040525       0.013970
20040526       0.002563
20040527      -0.000959
20040528      -0.004479
20040601      -0.002571
20040602       0.001933
20040603      -0.003215
20040604       0.007419
20040607       0.014409
20040608      -0.006629
20040609      -0.009215
20040610       0.009942
20040614       0.002540
20040615       0.007602
20040616       0.009431
20040617       0.007786
20040618       0.006799
20040621       0.000614
20040622       0.007669
20040623       0.017352
20040624       0.001496
20040625      -0.032762
20040628       0.004040
20040629       0.000619
20040630       0.002165
20040701      -0.012037
20040702      -0.010622
20040706       0.005052
20040707       0.005969
20040708      -0.009994
20040709       0.014826
20040712       0.013367
20040713       0.007362
20040714       0.008831
20040715       0.007244
20040716      -0.008391
20040719       0.004231
20040720      -0.000602
20040721      -0.018368
20040722       0.008589
20040723      -0.010949
20040726      -0.006458
20040727       0.015166
20040728       0.014939
20040729      -0.002403
20040730       0.001204
20040802       0.000301
20040803      -0.011726
20040804       0.000304
20040805      -0.020073
20040806      -0.021726
20040809       0.010470
20040810       0.007535
20040811       0.003428
20040812      -0.018323
20040813       0.008858
20040816       0.012857
20040817      -0.004954
20040818       0.019913
20040819      -0.002135
20040820      -0.001834
20040823      -0.004288
20040824       0.003691
20040825       0.004903
20040826       0.000000
20040827      -0.000610
20040830      -0.006103
20040831       0.006755
20040901       0.002745
20040902       0.007299
20040903      -0.008454
20040907       0.015225
20040908       0.009598
20040909       0.005942
20040910       0.000591
20040913      -0.003837
20040914       0.002074
20040915      -0.008575
20040916       0.000000
20040917       0.020579
20040920      -0.000292
20040921       0.007308
20040922      -0.015380
20040923      -0.009137
20040924      -0.000299
20040927      -0.008680
20040928       0.005737
20040929       0.004203
20040930       0.003886
20041001       0.011614
20041004       0.004416
20041005      -0.002052
20041006       0.009692
20041007      -0.012507
20041008      -0.006186
20041011       0.007706
20041012       0.000588
20041013      -0.009112
20041014      -0.007416
20041015       0.002690
20041018       0.010134
20041019      -0.013573
20041020      -0.006282
20041021       0.004515
20041022      -0.012586
20041025      -0.001517
20041026       0.022188
20041027       0.009515
20041028       0.002356
20041029       0.002645
20041101      -0.002052
20041102       0.000000
20041103       0.008223
20041104       0.022138
20041105       0.002850
20041108      -0.001989
20041109       0.008542
20041110      -0.002823
20041111       0.013590
20041112       0.012570
20041115      -0.004138
20041116       0.000000
20041117       0.006925
20041118       0.013205
20041119      -0.015205
20041122      -0.004963
20041123      -0.007758
20041124      -0.004747
20041126      -0.005612
20041129      -0.003950
20041130       0.001700
20041201       0.018665
20041202      -0.002221
20041203      -0.003061
20041206      -0.004466
20041207      -0.010092
20041208       0.011328
20041209       0.008681
20041210       0.018601
20041213       0.021532
20041214      -0.002668
20041215       0.000267
20041216      -0.007489
20041217      -0.009701
20041220       0.009796
20041221       0.001617
20041222      -0.002959
20041223      -0.001900
20041227      -0.005439
20041228       0.003281
20041229      -0.003543
20041230       0.001094
20041231      -0.002732
20050103       0.002466
20050104      -0.012025
20050105      -0.006086
20050106       0.008071
20050107      -0.006074
20050110      -0.002500
20050111      -0.014202
20050112       0.007910
20050113      -0.012612
20050114       0.008232
20050118       0.012387
20050119      -0.014461
20050120      -0.001975
20050121      -0.006785
20050124       0.003700
20050125       0.012479
20050126      -0.005882
20050127       0.003381
20050128       0.003931
20050131       0.010629
20050201       0.004152
20050202      -0.000827
20050203      -0.004966
20050204       0.004990
20050207      -0.000552
20050208       0.005520
20050209      -0.009333
20050210      -0.001108
20050211       0.004993
20050214       0.002484
20050215       0.001927
20050216      -0.004672
20050217      -0.005246
20050218      -0.004163
20050222      -0.014772
20050223      -0.002263
20050224       0.014176
20050225       0.001969
20050228      -0.011791
20050301       0.000568
20050302       0.010789
20050303      -0.001404
20050304       0.016034
20050307       0.000277
20050308      -0.001937
20050309      -0.008874
20050310       0.010912
20050311      -0.008580
20050314       0.011167
20050315      -0.006074
20050316      -0.010833
20050317      -0.006740
20050318       0.014419
20050321       0.003623
20050322      -0.014163
20050323       0.000000
20050324       0.006479
20050328       0.006717
20050329      -0.012232
20050330       0.018857
20050331      -0.003867
20050401      -0.016362
20050404      -0.006484
20050405       0.007378
20050406       0.000000
20050407       0.007887
20050408      -0.001118
20050411       0.002238
20050412       0.007538
20050413      -0.012469
20050414      -0.003928
20050415       0.007042
20050418       0.006993
20050419       0.000000
20050420      -0.013333
20050421       0.016892
20050422      -0.000554
20050425       0.007756
20050426      -0.005498
20050427       0.006081
20050428      -0.020055
20050429       0.014858
20050502       0.001381
20050503      -0.004138
20050504       0.002770
20050505      -0.009669
20050506       0.000000
20050509       0.010600
20050510      -0.011041
20050511       0.010047
20050512      -0.008842
20050513      -0.004739
20050516       0.015126
20050517       0.006071
20050518       0.012068
20050519       0.000542
20050520       0.002167
20050523       0.004865
20050524      -0.002959
20050525      -0.005665
20050526       0.002170
20050527      -0.001624
20050531      -0.010846
20050601       0.012336
20050602      -0.000812
20050603      -0.005420
20050606      -0.002452
20050607       0.006282
20050608      -0.001086
20050609      -0.000272
20050610      -0.004349
20050613      -0.002184
20050614      -0.003830
20050615      -0.002472
20050616      -0.005782
20050617       0.010800
20050620      -0.006027
20050621      -0.003583
20050622      -0.011895
20050623      -0.023516
20050624       0.003462
20050627      -0.004888
20050628       0.015602
20050629      -0.004267
20050630      -0.010000
20050701       0.002597
20050705      -0.000576
20050706      -0.011521
20050707      -0.004079
20050708       0.023698
20050711       0.003430
20050712      -0.000285
20050713       0.002279
20050714       0.012791
20050715      -0.002807
20050718      -0.009288
20050719       0.003693
20050720      -0.000849
20050721      -0.008499
20050722       0.002000
20050725      -0.008554
20050726      -0.002013
20050727       0.002882
20050728       0.002299
20050729      -0.010895
20050801      -0.007246
20050802       0.000000
20050803      -0.001168
20050804      -0.005846
20050805      -0.005881
20050808      -0.001479
20050809       0.011256
20050810      -0.007616
20050811       0.018595
20050812      -0.007534
20050815      -0.001168
20050816      -0.009646
20050817       0.006493
20050818      -0.003226
20050819      -0.001177
20050822       0.000589
20050823       0.000000
20050824      -0.012658
20050825      -0.001193
20050826      -0.003582
20050829       0.006591
20050830      -0.010714
20050831       0.011131
20050901      -0.013984
20050902       0.005733
20050906       0.018302
20050907       0.002062
20050908      -0.004704
20050909       0.003841
20050912       0.013243
20050913      -0.004357
20050914      -0.006709
20050915       0.009692
20050916       0.002618
20050919      -0.012185
20050920      -0.006167
20050921      -0.008570
20050922      -0.000894
20050923       0.003003
20050926      -0.003892
20050927       0.011121
20050928      -0.004459
20050929       0.004778
20050930       0.000594
20051003      -0.013068
20051004      -0.011435
20051005      -0.005175
20051006       0.027846
20051007       0.018756
20051010      -0.006721
20051011      -0.005590
20051012       0.000000
20051013       0.006509
20051014       0.009406
20051017      -0.009610
20051018      -0.000294
20051019       0.012059
20051020      -0.015402
20051021      -0.004427
20051024       0.011859
20051025      -0.006446
20051026      -0.006193
20051027      -0.003561
20051028       0.013996
20051031      -0.004112
20051101      -0.009142
20051102       0.006250
20051103       0.005028
20051104       0.001177
20051107       0.000000
20051108      -0.007643
20051109       0.004739
20051110       0.017099
20051111       0.004348
20051114      -0.007215
20051115       0.000000
20051116       0.004070
20051117       0.003474
20051118       0.031448
20051121       0.012587
20051122      -0.003867
20051123      -0.003328
20051125       0.007234
20051128      -0.006077
20051129      -0.001390
20051130      -0.005845
20051201       0.000840
20051202      -0.006993
20051205       0.007606
20051206       0.000839
20051207      -0.006425
20051208      -0.006185
20051209       0.005092
20051212       0.000563
20051213      -0.002250
20051214       0.008458
20051215       0.006430
20051216       0.001667
20051219      -0.006656
20051220      -0.007817
20051221      -0.006190
20051222       0.009909
20051223       0.000000
20051227      -0.010164
20051228       0.001426
20051229       0.002278
20051230      -0.003978
20060103       0.009130
20060104      -0.001414
20060105      -0.002548
20060106       0.006812
20060109      -0.002537
20060110      -0.005370
20060111       0.006820
20060112      -0.012137
20060113       0.002857
20060117      -0.004558
20060118      -0.003434
20060119      -0.004021
20060120      -0.037774
20060123      -0.002397
20060124      -0.009913
20060125      -0.006068
20060126       0.007937
20060127      -0.002120
20060130      -0.000607
20060131      -0.005466
20060201       0.011908
20060202      -0.007242
20060203      -0.001520
20060206      -0.003044
20060207      -0.013435
20060208       0.013309
20060209       0.005498
20060210       0.010936
20060213      -0.000901
20060214       0.006316
20060215       0.000000
20060216      -0.003288
20060217       0.007796
20060221      -0.007438
20060222       0.008393
20060223      -0.003864
20060224      -0.003608
20060227       0.005432
20060228      -0.013505
20060301      -0.003347
20060302       0.002747
20060303       0.006393
20060306       0.001210
20060307       0.001511
20060308       0.008446
20060309      -0.006880
20060310       0.013554
20060313       0.000594
20060314       0.003267
20060315       0.018946
20060316      -0.001162
20060317       0.003781
20060320      -0.000290
20060321      -0.004638
20060322       0.005533
20060323      -0.011874
20060324      -0.004982
20060327      -0.004713
20060328      -0.005623
20060329       0.009821
20060330       0.021220
20060331       0.003752
20060403      -0.002588
20060404       0.000288
20060405      -0.008069
20060406       0.002615
20060407      -0.013909
20060410      -0.003232
20060411       0.003833
20060412       0.012041
20060413      -0.016541
20060417      -0.017704
20060418       0.017423
20060419       0.000591
20060420       0.006787
20060421      -0.004396
20060424      -0.001178
20060425       0.001179
20060426       0.004710
20060427       0.008790
20060428       0.004647
20060501      -0.005782
20060502       0.002617
20060503      -0.002320
20060504       0.011628
20060505       0.010345
20060508      -0.004551
20060509       0.000000
20060510      -0.008571
20060511      -0.005476
20060512      -0.006665
20060515       0.008168
20060516       0.006655
20060517      -0.010635
20060518      -0.007844
20060519       0.000293
20060522      -0.002635
20060523      -0.001761
20060524       0.007351
20060525       0.004670
20060526      -0.002615
20060530      -0.008156
20060531       0.006167
20060601       0.008465
20060602       0.003184
20060605      -0.012695
20060606       0.009643
20060607      -0.004341
20060608       0.004942
20060609      -0.014463
20060612      -0.005870
20060613      -0.004133
20060614       0.005040
20060615       0.006195
20060616      -0.005277
20060619      -0.006189
20060620      -0.000593
20060621      -0.000890
20060622      -0.005346
20060623      -0.002407
20060626       0.001508
20060627      -0.009937
20060628       0.001521
20060629       0.010325
20060630      -0.009318
20060703       0.011226
20060705      -0.000600
20060706       0.005704
20060707      -0.005970
20060710       0.004505
20060711      -0.005680
20060712      -0.006013
20060713      -0.011797
20060714      -0.017141
20060717       0.007786
20060718       0.003090
20060719       0.012939
20060720      -0.012165
20060721      -0.007081
20060724       0.011473
20060725       0.002453
20060726      -0.000612
20060727      -0.000918
20060728       0.011332
20060731      -0.009994
20060801      -0.003977
20060802       0.001228
20060803       0.003988
20060804       0.002139
20060807      -0.003354
20060808      -0.010707
20060809      -0.001855
20060810       0.012082
20060811      -0.005203
20060814       0.009846
20060815       0.011578
20060816       0.015361
20060817       0.006230
20060818       0.002359
20060821      -0.001176
20060822       0.000000
20060823      -0.005006
20060824       0.001776
20060825      -0.000295
20060828       0.002660
20060829       0.007663
20060830       0.002340
20060831      -0.006128
20060901       0.002349
20060905      -0.004979
20060906      -0.000589
20060907       0.002651
20060908      -0.000881
20060911       0.012349
20060912       0.006971
20060913       0.004903
20060914      -0.001722
20060915       0.002013
20060918       0.000574
20060919      -0.000574
20060920       0.004878
20060921      -0.009423
20060922      -0.001161
20060925       0.014244
20060926       0.015764
20060927      -0.002822
20060928       0.003961
20060929      -0.005073
20061002       0.005666
20061003       0.005915
20061004       0.010921
20061005       0.005263
20061006      -0.004133
20061009       0.000553
20061010       0.003872
20061011      -0.003581
20061012       0.001382
20061013      -0.006626
20061016      -0.011673
20061017       0.000000
20061018       0.000000
20061019      -0.007874
20061020       0.005386
20061023       0.001692
20061024      -0.003096
20061025       0.005364
20061026      -0.000562
20061027      -0.010677
20061030      -0.000284
20061031      -0.002557
20061101      -0.005981
20061102      -0.005444
20061103       0.001729
20061106       0.014380
20061107       0.007655
20061108       0.001126
20061109      -0.008151
20061110      -0.003400
20061113       0.005402
20061114       0.006505
20061115       0.005620
20061116       0.004750
20061117       0.008065
20061120      -0.007448
20061121      -0.005003
20061122       0.005307
20061124      -0.008336
20061127      -0.006725
20061128      -0.007052
20061129       0.004261
20061130      -0.001980
20061201       0.000000
20061204       0.003118
20061205      -0.003391
20061206      -0.004536
20061207       0.001424
20061208       0.003129
20061211      -0.001418
20061212       0.011925
20061213      -0.003928
20061214       0.020000
20061215       0.031759
20061218       0.017131
20061219       0.000263
20061220       0.003683
20061221      -0.002621
20061222      -0.005295
20061226       0.003726
20061227       0.002122
20061228      -0.008203
20061229      -0.007204
20070103       0.020425
20070104      -0.005794
20070105      -0.005033
20070108      -0.000266
20070109       0.000000
20070110       0.000266
20070111       0.009585
20070112      -0.000791
20070116       0.005806
20070117      -0.003411
20070118       0.000527
20070119      -0.027632
20070122      -0.005413
20070123      -0.005442
20070124       0.002462
20070125      -0.008188
20070126      -0.007430
20070129       0.003327
20070130      -0.004421
20070131       0.000555
20070201       0.004993
20070202       0.001104
20070205       0.002757
20070206      -0.001650
20070207      -0.005784
20070208      -0.009972
20070209      -0.005876
20070212       0.003096
20070213       0.003648
20070214       0.016774
20070215      -0.006324
20070216      -0.007471
20070220       0.006691
20070221      -0.005539
20070222      -0.006405
20070223      -0.008475
20070226       0.006838
20070227      -0.019242
20070228       0.007213
20070301       0.002578
20070302      -0.003714
20070305      -0.009177
20070306       0.004920
20070307      -0.011233
20070308       0.003495
20070309      -0.003774
20070312       0.003496
20070313      -0.010163
20070314       0.006454
20070315       0.006121
20070316      -0.004635
20070319       0.009022
20070320       0.002884
20070321       0.020420
20070322       0.009301
20070323       0.000279
20070326       0.005025
20070327      -0.005833
20070328      -0.006706
20070329       0.000000
20070330      -0.005345
20070402      -0.001980
20070403       0.000850
20070404      -0.005946
20070405      -0.002563
20070409      -0.006853
20070410       0.002875
20070411       0.002007
20070412       0.006581
20070413       0.005685
20070416      -0.000565
20070417      -0.004525
20070418      -0.001989
20070419      -0.003701
20070420       0.003714
20070423      -0.009394
20070424      -0.001149
20070425       0.018700
20070426       0.012143
20070427       0.027902
20070430       0.000543
20070501       0.006511
20070502       0.005660
20070503       0.000804
20070504      -0.005088
20070507       0.002423
20070508      -0.004296
20070509       0.004854
20070510      -0.012882
20070511       0.005166
20070514      -0.010008
20070515       0.001093
20070516       0.005186
20070517      -0.008146
20070518       0.011771
20070521       0.003788
20070522       0.006469
20070523       0.006963
20070524      -0.005851
20070525       0.004815
20070529      -0.004260
20070530       0.008823
20070531      -0.003976
20070601      -0.003459
20070604       0.009613
20070605      -0.010844
20070606      -0.002941
20070607      -0.014213
20070608       0.015234
20070611       0.003751
20070612      -0.010945
20070613       0.015924
20070614       0.004251
20070615       0.008466
20070618      -0.001312
20070619       0.032046
20070620      -0.005599
20070621       0.000256
20070622      -0.014433
20070625      -0.000785
20070626      -0.004972
20070627       0.001052
20070628       0.001576
20070629       0.004197
20070702      -0.000522
20070703       0.011500
20070705      -0.004134
20070706      -0.001557
20070709       0.003638
20070710      -0.018643
20070711       0.007916
20070712       0.020942
20070713       0.012821
20070716       0.015696
20070717       0.014706
20070718      -0.006387
20070719       0.006428
20070720      -0.014493
20070723       0.017448
20070724      -0.014699
20070725       0.004973
20070726      -0.022019
20070727      -0.018720
20070730       0.012374
20070731      -0.012987
20070801       0.004902
20070802       0.002054
20070803      -0.024853
20070806       0.027325
20070807       0.009719
20070808       0.024823
20070809      -0.037568
20070810      -0.018233
20070813      -0.001569
20070814      -0.012837
20070815      -0.020701
20070816       0.008130
20070817       0.033602
20070820      -0.005982
20070821       0.003401
20070822       0.020600
20070823      -0.000511
20070824       0.007413
20070827      -0.010403
20070828      -0.024359
20070829       0.017346
20070830      -0.008008
20070831       0.012240
20070904       0.004374
20070905      -0.007428
20070906       0.016774
20070907      -0.016498
20070910       0.011355
20070911       0.007910
20070912       0.010127
20070913       0.015288
20070914      -0.003950
20070917      -0.004213
20070918       0.037332
20070919       0.002159
20070920      -0.005985
20070921       0.000242
20070924      -0.009697
20070925       0.006120
20070926       0.004136
20070927       0.002908
20070928       0.000242
20071001       0.014976
20071002       0.002380
20071003      -0.013533
20071004       0.003610
20071005       0.001679
20071008      -0.005746
20071009       0.011799
20071010      -0.004998
20071011      -0.005023
20071012      -0.013702
20071015      -0.005118
20071016      -0.001225
20071017       0.005641
20071018      -0.005122
20071019      -0.018387
20071022       0.003247
20071023       0.007717
20071024      -0.006176
20071025      -0.001740
20071026       0.005478
20071029       0.004458
20071030      -0.001972
20071031       0.016798
20071101      -0.019922
20071102      -0.000248
20071105      -0.003223
20071106      -0.000498
20071107      -0.027377
20071108      -0.001535
20071109      -0.016402
20071112      -0.003387
20071113       0.025098
20071114      -0.005101
20071115      -0.017944
20071116       0.008875
20071119      -0.012678
20071120      -0.003145
20071121      -0.022871
20071123       0.013452
20071126      -0.024954
20071127       0.019603
20071128       0.026969
20071129      -0.008320
20071130       0.003933
20071203      -0.035518
20071204      -0.018413
20071205       0.012690
20071206       0.014982
20071207      -0.000805
20071210       0.004835
20071211      -0.010158
20071212       0.005941
20071213       0.008859
20071214      -0.017829
20071217      -0.011650
20071218       0.008772
20071219      -0.006250
20071220       0.007110
20071221       0.016977
20071224       0.010501
20071226       0.000533
20071227      -0.009587
20071228       0.004033
20071231      -0.007231
20080102      -0.008363
20080103       0.001088
20080104      -0.020652
20080107       0.003885
20080108      -0.021559
20080109       0.011299
20080110       0.003352
20080111      -0.020880
20080114       0.008246
20080115      -0.026227
20080116       0.000869
20080117      -0.039063
20080118       0.033123
20080122      -0.007578
20080123       0.015859
20080124       0.001735
20080125      -0.018759
20080128       0.021177
20080129       0.001152
20080130       0.005058
20080131       0.012142
20080201       0.022624
20080204      -0.021847
20080205      -0.032796
20080206      -0.000292
20080207       0.000877
20080208      -0.011393
20080211       0.005024
20080212       0.010585
20080213       0.017748
20080214      -0.016867
20080215      -0.000582
20080219      -0.002619
20080220       0.002334
20080221      -0.010477
20080222      -0.004156
20080225       0.019672
20080226      -0.007892
20080227       0.002357
20080228      -0.004997
20080229      -0.020975
20080303       0.007846
20080304       0.003593
20080305       0.004475
20080306      -0.024057
20080307      -0.019172
20080310      -0.016444
20080311       0.053628
20080312       0.016766
20080313       0.008539
20080314      -0.012555
20080317       0.015080
20080318       0.052723
20080319      -0.015219
20080320       0.053386
20080324      -0.002401
20080325      -0.003476
20080326      -0.003756
20080327      -0.008080
20080328      -0.005973
20080331       0.010926
20080401       0.038368
20080402      -0.010669
20080403      -0.004734
20080404      -0.007400
20080407      -0.007987
20080408      -0.008320
20080409      -0.013802
20080410       0.008507
20080411      -0.127891
20080414      -0.009360
20080415       0.007244
20080416       0.007817
20080417      -0.006516
20080418       0.020924
20080421      -0.007036
20080422      -0.004005
20080423       0.000928
20080424       0.013906
20080425       0.015849
20080428      -0.004801
20080429      -0.010552
20080430      -0.003656
20080501       0.012844
20080502       0.006643
20080505      -0.004799
20080506      -0.005425
20080507      -0.013030
20080508       0.000614
20080509      -0.009819
20080512       0.004029
20080513      -0.002160
20080514       0.005567
20080515      -0.004306
20080516      -0.007414
20080519       0.008403
20080520      -0.020988
20080521      -0.023014
20080522       0.000645
20080523      -0.018704
20080527      -0.000986
20080528       0.004934
20080529       0.002946
20080530       0.002611
20080602      -0.010091
20080603       0.001644
20080604      -0.000328
20080605       0.020033
20080606      -0.033484
20080609       0.001332
20080610       0.008982
20080611      -0.016485
20080612      -0.026148
20080613       0.003442
20080616      -0.006175
20080617      -0.003797
20080618      -0.022523
20080619       0.000355
20080620      -0.018990
20080623       0.000730
20080624       0.006934
20080625       0.014498
20080626      -0.052161
20080627      -0.010177
20080630       0.016375
20080701       0.016111
20080702      -0.022493
20080703       0.015089
20080707       0.007061
20080708       0.035424
20080709      -0.031005
20080710       0.016550
20080711       0.000724
20080714      -0.017354
20080715      -0.019500
20080716       0.038649
20080717       0.011561
20080718       0.000000
20080721      -0.011071
20080722       0.029252
20080723       0.029123
20080724      -0.021139
20080725       0.000000
20080728      -0.035528
20080729       0.025641
20080730       0.020070
20080731      -0.023473
20080801      -0.002828
20080804      -0.001418
20080805       0.038339
20080806      -0.008547
20080807      -0.014828
20080808       0.037452
20080811       0.010459
20080812      -0.007012
20080813      -0.014459
20080814       0.007165
20080815       0.009485
20080818      -0.015101
20080819      -0.021806
20080820      -0.002090
20080821       0.003490
20080822       0.012870
20080825      -0.027473
20080826      -0.001766
20080827      -0.001769
20080828       0.021616
20080829      -0.025321
20080902       0.015303
20080903       0.001402
20080904      -0.030451
20080905       0.006498
20080908       0.043400
20080909      -0.033345
20080910      -0.001067
20080911       0.002492
20080912      -0.050071
20080915      -0.080374
20080916       0.018699
20080917      -0.066640
20080918       0.073108
20080919       0.073820
20080922      -0.017656
20080923      -0.045889
20080924      -0.014429
20080925       0.044327
20080926      -0.016745
20080929      -0.085148
20080930       0.103896
20081001      -0.039216
20081002      -0.095918
20081003      -0.026185
20081006      -0.008809
20081007      -0.050514
20081008       0.017241
20081009      -0.079419
20081010       0.130984
20081013      -0.023256
20081014      -0.007143
20081015      -0.076739
20081016       0.033247
20081017      -0.013072
20081020       0.025981
20081021       0.010427
20081022      -0.068305
20081023      -0.008439
20081024      -0.051596
20081027      -0.005609
20081028       0.099267
20081029      -0.014879
20081030       0.007812
20081031       0.008269
20081103      -0.010764
20081104       0.076166
20081105      -0.040443
20081106      -0.079779
20081107       0.028353
20081110      -0.021739
20081111      -0.034688
20081112      -0.085345
20081113       0.034991
20081114      -0.049822
20081117       0.005618
20081118      -0.003104
20081119      -0.100249
20081120      -0.111419
20081121       0.092679
20081124       0.087669
20081125       0.033421
20081126       0.026633
20081128       0.060531
20081201      -0.097263
20081202       0.136129
20081203       0.029529
20081204      -0.031991
20081205       0.017094
20081208       0.057703
20081209      -0.058263
20081210       0.012373
20081211      -0.052778
20081212       0.003519
20081215      -0.009351
20081216       0.057227
20081217      -0.029576
20081218      -0.082231
20081219       0.033835
20081222      -0.026061
20081223       0.022402
20081224      -0.000609
20081226      -0.008690
20081229      -0.019411
20081230       0.010217
20081231       0.024020
