date              gm          sp
19990104      -0.009607     -0.000919
19990105       0.052910      0.013582
19990106       0.046064      0.022140
19990107      -0.006405     -0.002051
19990108       0.032232      0.004221
19990111       0.074941     -0.008792
19990112      -0.035585     -0.019282
19990113      -0.015813     -0.004123
19990114      -0.008416     -0.017993
19990115       0.028549      0.025631
19990119       0.056264      0.007030
19990120       0.010653      0.003690
19990121       0.011244     -0.017078
19990122       0.009034     -0.008072
19990125      -0.011019      0.007174
19990126       0.016713      0.014854
19990127       0.023288     -0.007299
19990128      -0.014056      0.017858
19990129      -0.025119      0.011277
19990201       0.040390     -0.005189
19990202      -0.036814     -0.008649
19990203       0.000000      0.007987
19990204      -0.026555     -0.018537
19990205      -0.012922     -0.007281
19990208       0.000000      0.003526
19990209      -0.014545     -0.022215
19990210       0.000738      0.006093
19990211       0.011799      0.024919
19990212      -0.022595     -0.019066
19990216      -0.008949      0.009544
19990217      -0.006020     -0.014365
19990218       0.036336      0.010825
19990219      -0.001461      0.001568
19990222       0.024140      0.026565
19990223      -0.022143     -0.000755
19990224      -0.006574     -0.013979
19990225      -0.016176     -0.006694
19990226      -0.012706     -0.005373
19990301       0.006813     -0.001752
19990302      -0.005263     -0.008623
19990303       0.002268      0.001795
19990304       0.034691      0.015427
19990305       0.033528      0.023126
19990308      -0.011283      0.005692
19990309       0.009272     -0.002253
19990310      -0.006360      0.005469
19990311       0.021195      0.008424
19990312      -0.007666     -0.002381
19990315       0.006320      0.009787
19990316      -0.004885     -0.000673
19990317      -0.002104     -0.006552
19990318       0.006325      0.014432
19990319       0.003492     -0.013110
19990322       0.004871     -0.001755
19990323      -0.051939     -0.026885
19990324       0.000730      0.005110
19990325       0.018248      0.016869
19990326       0.008602     -0.005574
19990329      -0.004975      0.021336
19990330      -0.001429     -0.007190
19990331      -0.004292     -0.011055
19990401      -0.017960      0.005714
19990405       0.024872      0.021179
19990406       0.039971     -0.002445
19990407      -0.048044      0.006829
19990408       0.013699      0.012880
19990409      -0.025605      0.003252
19990412       0.029197      0.007632
19990413       0.026241     -0.006492
19990414      -0.007602     -0.015839
19990415      -0.035515     -0.004200
19990416       0.015884     -0.002918
19990419       0.023454     -0.022381
19990420      -0.031250      0.012943
19990421       0.021505      0.022930
19990422      -0.004211      0.016989
19990423       0.004933     -0.001450
19990426      -0.002805      0.002351
19990427      -0.004219      0.002029
19990428      -0.002119     -0.008725
19990429       0.019108     -0.005981
19990430      -0.010417     -0.005697
19990503       0.052632      0.014567
19990504      -0.050667     -0.016706
19990505      -0.023174      0.011494
19990506      -0.017973     -0.011326
19990507       0.014641      0.009722
19990510      -0.012266     -0.003494
19990511       0.002191      0.011423
19990512       0.030612      0.006189
19990513      -0.026874      0.002610
19990514      -0.033430     -0.021761
19990517      -0.033835      0.001263
19990518       0.008560     -0.004606
19990519      -0.016204      0.008183
19990520       0.005490     -0.004017
19990521       0.039782     -0.006379
19990524      -0.002251     -0.017771
19990525       0.018045     -0.017028
19990526       0.002954      0.015852
19990527      -0.023564     -0.017896
19990528      -0.001912      0.015943
19990601       0.024457     -0.005823
19990602      -0.008842      0.000425
19990603      -0.008921      0.003653
19990604      -0.015302      0.021708
19990607       0.010969      0.005099
19990608      -0.019892     -0.012881
19990609      -0.047970      0.000994
19990610       0.002907     -0.011997
19990611      -0.014493     -0.007046
19990614      -0.008824      0.000278
19990615      -0.025717      0.005533
19990616       0.046701      0.022480
19990617      -0.004850      0.007133
19990618      -0.020468      0.002194
19990621       0.014925      0.004587
19990622      -0.001961     -0.009726
19990623      -0.027505     -0.002111
19990624       0.020202     -0.012963
19990625       0.005941     -0.000357
19990628      -0.000984      0.012195
19990629       0.010837      0.015097
19990630       0.029240      0.015731
19990701       0.024621      0.006010
19990702       0.014787      0.007430
19990706       0.044627     -0.002228
19990707      -0.023540      0.005576
19990708      -0.032143     -0.001032
19990709      -0.023985      0.006354
19990712       0.038752     -0.002979
19990713      -0.013649     -0.003960
19990714       0.000923      0.003308
19990715       0.003687      0.008189
19990716       0.014692      0.006498
19990719      -0.010860     -0.007845
19990720      -0.026532     -0.021703
19990721       0.000000      0.001590
19990722      -0.012218     -0.013282
19990723      -0.000951     -0.002961
19990726       0.004762     -0.006765
19990727       0.002844      0.011189
19990728      -0.005671      0.001878
19990729      -0.027567     -0.017848
19990730      -0.043988     -0.009180
19990802       0.012270     -0.000504
19990803       0.019192     -0.004420
19990804      -0.003964     -0.012744
19990805      -0.028856      0.006420
19990806      -0.012295     -0.010215
19990809       0.037344     -0.001915
19990810      -0.019000     -0.012614
19990811       0.019527      0.015998
19990812      -0.023185     -0.002896
19990813       0.059856      0.022740
19990816      -0.038948      0.002327
19990817       0.015198      0.010062
19990818       0.000998     -0.008422
19990819       0.006979     -0.006940
19990820       0.000000      0.009837
19990823       0.019802      0.017664
19990824       0.002913      0.002411
19990825       0.020329      0.013414
19990826       0.018027     -0.014315
19990827      -0.016775     -0.010088
19990830      -0.015166     -0.017986
19990831       0.020212     -0.002727
19990901       0.008491      0.008073
19990902      -0.025257     -0.008985
19990903       0.021113      0.028906
19990907      -0.015038     -0.005003
19990908      -0.010496     -0.004665
19990909      -0.007715      0.002611
19990910       0.007775      0.002968
19990913       0.008679     -0.005571
19990914      -0.004780     -0.005833
19990915      -0.019212     -0.013710
19990916       0.021548      0.000387
19990917      -0.001918      0.012848
19990920      -0.000961      0.000082
19990921      -0.025962     -0.020928
19990922      -0.002962      0.002241
19990923      -0.005941     -0.022968
19990924      -0.010956     -0.002382
19990927       0.007049      0.004658
19990928      -0.013000     -0.000865
19990929       0.014184     -0.010786
19990930       0.005994      0.011306
19991001      -0.010924      0.000078
19991004       0.031124      0.016986
19991005       0.018500     -0.002491
19991006       0.005736      0.018481
19991007      -0.001901     -0.005855
19991008       0.025714      0.013949
19991011      -0.004643     -0.000606
19991012      -0.014925     -0.016604
19991013      -0.013258     -0.020936
19991014      -0.001919     -0.001657
19991015      -0.044231     -0.028058
19991018       0.023139      0.005387
19991019       0.002950      0.005733
19991020       0.021569      0.022286
19991021       0.003839     -0.004514
19991022       0.006692      0.014054
19991025      -0.011396     -0.006161
19991026       0.001921     -0.009060
19991027       0.023969      0.011545
19991028       0.016854      0.035266
19991029       0.037753      0.015263
19991101      -0.023957     -0.006464
19991102      -0.005455     -0.004712
19991103       0.000914      0.005335
19991104       0.011872      0.005690
19991105      -0.005415      0.005570
19991108       0.009982      0.004948
19991109       0.002715     -0.008518
19991110       0.024368      0.005991
19991111      -0.015859      0.005825
19991112       0.020591      0.010569
19991115       0.014912     -0.001196
19991116       0.002593      0.018417
19991117      -0.019828     -0.006591
19991118      -0.017590      0.010087
19991119      -0.000895     -0.002063
19991122       0.046595     -0.000745
19991123      -0.000856     -0.011471
19991124      -0.022279      0.008856
19991126       0.000876     -0.000325
19991129       0.041156     -0.006205
19991130      -0.031119     -0.013439
19991201       0.006076      0.006343
19991202      -0.004314      0.008099
19991203       0.050260      0.017217
19991206       0.009901     -0.006956
19991207      -0.050654     -0.009949
19991208       0.005164     -0.003754
19991209      -0.004281      0.003013
19991210      -0.009458      0.006342
19991213      -0.012153     -0.001284
19991214      -0.010545     -0.008515
19991215       0.012433      0.007234
19991216       0.017544      0.003863
19991217      -0.020690      0.001586
19991220       0.024648     -0.002069
19991221      -0.029210      0.010817
19991222       0.010619      0.001884
19991223       0.020140      0.015465
19991227      -0.028326     -0.000850
19991228       0.025618      0.000384
19991229       0.000000      0.003979
19991230       0.000861      0.000690
19991231       0.000861      0.003264
20000103       0.026655     -0.009549
20000104      -0.040201     -0.038345
20000105       0.000000      0.001922
20000106      -0.000873      0.000956
20000107       0.045415      0.027090
20000110       0.009190      0.011190
20000111      -0.033940     -0.013063
20000112       0.047129     -0.004386
20000113       0.000000      0.012170
20000114       0.076923      0.010671
20000118       0.009119     -0.006832
20000119      -0.018072      0.000522
20000120       0.009202     -0.007095
20000121      -0.003799     -0.002912
20000124      -0.025934     -0.027634
20000125      -0.023493      0.006065
20000126       0.008019     -0.004213
20000127       0.054893     -0.003938
20000128      -0.046757     -0.027457
20000131       0.019778      0.025218
20000201       0.058185      0.010628
20000202      -0.045455     -0.000114
20000203       0.006144      0.011248
20000204       0.006107     -0.000421
20000207      -0.023520     -0.000091
20000208      -0.012432      0.012273
20000209       0.002360     -0.020822
20000210      -0.028436      0.003634
20000211      -0.038211     -0.020969
20000214       0.014370      0.002033
20000215      -0.012500      0.008713
20000216       0.009283     -0.010256
20000217      -0.008361      0.000425
20000218      -0.005059     -0.030376
20000222      -0.001695      0.004517
20000223      -0.008489      0.006301
20000224       0.030822     -0.005336
20000225       0.024086     -0.014829
20000228       0.008110      0.011017
20000229      -0.020917      0.013627
20000301      -0.023829      0.009346
20000302      -0.004209      0.001863
20000303       0.026205      0.019837
20000306       0.005766     -0.012695
20000307      -0.022932     -0.025631
20000308       0.015926      0.008173
20000309       0.023927      0.025602
20000310       0.003223     -0.004723
20000313       0.000000     -0.008207
20000314      -0.022490     -0.017685
20000315       0.036154      0.024280
20000316       0.062649      0.047639
20000317      -0.043284      0.004114
20000320       0.010920     -0.005353
20000321      -0.010031      0.025566
20000322       0.019486      0.004532
20000323       0.064220      0.017799
20000324      -0.018678      0.000072
20000327      -0.004392     -0.002357
20000328      -0.012500     -0.010585
20000329      -0.034996      0.000524
20000330       0.010802     -0.013656
20000331       0.011450      0.007164
20000403       0.024151      0.004931
20000404      -0.022845     -0.007464
20000405      -0.005279     -0.004924
20000406       0.027293      0.009392
20000407      -0.000738      0.009998
20000410       0.016248     -0.007841
20000411       0.016715     -0.002572
20000412       0.000715     -0.022271
20000413       0.005714     -0.018171
20000414      -0.067472     -0.058278
20000417       0.040366      0.033084
20000418       0.030747      0.028663
20000419       0.005682     -0.009808
20000420       0.002825      0.004953
20000424      -0.011268     -0.003262
20000425       0.019231      0.033276
20000426       0.028651     -0.011134
20000427       0.008832      0.002690
20000428       0.008754     -0.008526
20000501      -0.010013      0.010892
20000502       0.007417     -0.014957
20000503      -0.056894     -0.021566
20000504      -0.017033     -0.003908
20000505      -0.005776      0.016360
20000508      -0.013798     -0.005905
20000509       0.030191     -0.008447
20000510      -0.050751     -0.020600
20000511      -0.001515      0.017902
20000512       0.041730      0.009341
20000515       0.007283      0.022098
20000516       0.033261      0.009419
20000517      -0.031491     -0.012442
20000518       0.033960     -0.007315
20000519      -0.027952     -0.021055
20000522      -0.109993     -0.004428
20000523      -0.031502     -0.019176
20000524       0.007506      0.018335
20000525      -0.041391     -0.012530
20000526      -0.026770     -0.002533
20000530       0.020408      0.032242
20000531      -0.017391     -0.001301
20000601      -0.011504      0.019858
20000602      -0.017010      0.019637
20000605       0.024590     -0.006519
20000606      -0.025778     -0.006671
20000607       0.022810      0.009274
20000608      -0.018733     -0.006586
20000609      -0.002727     -0.003229
20000612       0.006381     -0.007516
20000613      -0.009964      0.016210
20000614      -0.010979      0.000749
20000615      -0.037003      0.005569
20000616      -0.034582     -0.009650
20000619       0.025871      0.014708
20000620      -0.034918     -0.006763
20000621       0.002010      0.002155
20000622      -0.037111     -0.018220
20000623       0.028125     -0.007368
20000626      -0.020263      0.009594
20000627       0.004137     -0.003271
20000628      -0.008239      0.002944
20000629      -0.015576     -0.008544
20000630      -0.020042      0.008465
20000703       0.026911      0.010271
20000705       0.009434     -0.015862
20000706       0.018692      0.007219
20000707      -0.017329      0.015261
20000710       0.035270     -0.002218
20000711      -0.016032      0.003565
20000712       0.024440      0.008130
20000713      -0.017893      0.001956
20000714       0.001012      0.009453
20000717      -0.023256      0.000338
20000718       0.006211     -0.011089
20000719       0.003086     -0.007886
20000720      -0.013333      0.009184
20000721      -0.002079     -0.010284
20000724      -0.011458     -0.010742
20000725      -0.008430      0.006952
20000726      -0.008502     -0.014955
20000727      -0.007503     -0.001928
20000728      -0.007559     -0.020509
20000731      -0.008705      0.007705
20000801       0.031833      0.005081
20000802      -0.008511      0.000417
20000803       0.000000      0.009634
20000804       0.019313      0.007139
20000807       0.011579      0.011204
20000808       0.028096      0.002352
20000809      -0.017206     -0.006697
20000810       0.023884     -0.008568
20000811       0.026369      0.007937
20000814       0.013834      0.013398
20000815      -0.008772     -0.004780
20000816       0.017699     -0.003085
20000817       0.011594      0.010961
20000818       0.044890     -0.002908
20000821      -0.009141      0.005202
20000822       0.023063     -0.000900
20000823      -0.005410      0.005233
20000824       0.057117      0.001554
20000825      -0.019726     -0.001233
20000828       0.042870      0.005072
20000829      -0.010906     -0.002807
20000830      -0.018660     -0.004802
20000831      -0.001729      0.010043
20000901       0.010390      0.002036
20000905       0.000000     -0.009002
20000906       0.013710     -0.009840
20000907       0.024514      0.006876
20000908      -0.032178     -0.005331
20000911       0.016198     -0.003506
20000912      -0.031879     -0.004882
20000913       0.011265      0.001970
20000914       0.000857     -0.002721
20000915      -0.032534     -0.010170
20000918      -0.019469     -0.014531
20000919      -0.015343      0.010654
20000920      -0.012832     -0.005863
20000921       0.016713     -0.001578
20000922      -0.002740     -0.000228
20000925      -0.022894     -0.006689
20000926      -0.005623     -0.008214
20000927       0.000000     -0.000448
20000928       0.011310      0.022235
20000929      -0.030755     -0.014935
20001002       0.032692     -0.000195
20001003      -0.018622     -0.006803
20001004       0.000000      0.005510
20001005      -0.039848      0.001367
20001006      -0.015810     -0.019000
20001009       0.000000     -0.004940
20001010      -0.041165     -0.010706
20001011      -0.017801     -0.016171
20001012      -0.021322     -0.025509
20001013       0.005447      0.033381
20001016      -0.005417      0.000327
20001017      -0.027233     -0.017932
20001018      -0.021277     -0.005808
20001019       0.059497      0.034743
20001020       0.007559      0.005883
20001023      -0.035370     -0.000823
20001024       0.024444      0.001684
20001025      -0.023861     -0.023767
20001026       0.011111     -0.000337
20001027       0.054945      0.011096
20001030      -0.002083      0.013830
20001031       0.037578      0.021978
20001101      -0.012072     -0.005723
20001102      -0.030550      0.004996
20001103      -0.042017     -0.001141
20001106       0.069079      0.003855
20001107      -0.064615     -0.000223
20001108       0.013158     -0.015777
20001109       0.002165     -0.006486
20001110      -0.038877     -0.024398
20001113       0.016854     -0.010776
20001114       0.026519      0.023452
20001115       0.004343      0.004960
20001116      -0.018378     -0.012584
20001117      -0.015419     -0.003352
20001120      -0.077181     -0.018352
20001121      -0.004848      0.003523
20001122      -0.012180     -0.018548
20001124       0.013564      0.014678
20001127      -0.017032      0.005366
20001128      -0.033416     -0.009548
20001129       0.034571      0.004371
20001130      -0.019802     -0.020105
20001201       0.016414      0.000213
20001204       0.024845      0.007406
20001205       0.032727      0.038922
20001206      -0.022300     -0.018220
20001207      -0.013205     -0.005853
20001208      -0.007299      0.019605
20001211       0.011029      0.007526
20001212       0.003636     -0.006535
20001213       0.027778     -0.008161
20001214       0.014101     -0.014015
20001215      -0.002317     -0.021463
20001218      -0.031359      0.008071
20001219      -0.004796     -0.012958
20001220      -0.036145     -0.031296
20001221       0.027500      0.008002
20001222      -0.025547      0.024403
20001226       0.016230      0.007060
20001227       0.011057      0.010440
20001228      -0.013366      0.003988
20001229       0.003695     -0.010448
20010102       0.024540     -0.028032
20010103       0.050299      0.050099
20010104       0.042189     -0.010552
20010105      -0.054705     -0.026242
20010108      -0.026620     -0.001918
20010109       0.030916      0.003812
20010110      -0.026528      0.009586
20010111      -0.007109      0.010318
20010112       0.009547     -0.006406
20010116       0.054374      0.006319
20010117      -0.015695      0.002126
20010118       0.020501      0.013915
20010119      -0.010045     -0.004028
20010122       0.006764      0.000268
20010123      -0.024636      0.013032
20010124      -0.018370      0.002867
20010125       0.019883     -0.004977
20010126      -0.013761     -0.001886
20010129       0.009302      0.006805
20010130       0.024885      0.007008
20010131      -0.034173     -0.005620
20010201       0.012104      0.005461
20010202       0.030359     -0.017474
20010205       0.022500      0.003587
20010206       0.015019     -0.001514
20010207      -0.033895     -0.008408
20010208      -0.014604     -0.006235
20010209      -0.015905     -0.013336
20010212       0.012856      0.011827
20010213       0.007797     -0.008652
20010214      -0.011155     -0.002184
20010215       0.014322      0.008124
20010216      -0.020275     -0.018905
20010220      -0.010532     -0.017357
20010221      -0.020355     -0.018508
20010222      -0.006481     -0.001952
20010223       0.017076     -0.005555
20010226       0.047916      0.017490
20010227      -0.017102     -0.007660
20010228      -0.023443     -0.014309
20010301       0.012378      0.001040
20010302       0.005928     -0.005680
20010305       0.019890      0.005858
20010306      -0.007042      0.009981
20010307       0.027460      0.006452
20010308       0.034513      0.002259
20010309       0.008554     -0.024764
20010312      -0.033927     -0.043181
20010313      -0.008955      0.014829
20010314      -0.025514     -0.025842
20010315      -0.007273      0.005871
20010316       0.002747     -0.019624
20010319       0.028128      0.017627
20010320      -0.019542     -0.024077
20010321      -0.030259     -0.017924
20010322      -0.022795     -0.004064
20010323      -0.003250      0.019909
20010326       0.030884      0.011282
20010327      -0.012654      0.025575
20010328      -0.029024     -0.024430
20010329       0.011064     -0.004630
20010330      -0.004607      0.010784
20010402       0.003472     -0.012462
20010403      -0.021142     -0.034393
20010404       0.021991     -0.002901
20010405       0.026513      0.043680
20010406      -0.015909     -0.019984
20010409       0.016736      0.008117
20010410       0.010101      0.027066
20010411      -0.014815     -0.002131
20010412      -0.001880      0.015104
20010416      -0.001883     -0.003228
20010417       0.011887      0.010282
20010418       0.059109      0.038890
20010419      -0.001937      0.012551
20010420       0.000882     -0.008551
20010423      -0.013394     -0.014980
20010424      -0.008396     -0.012161
20010425      -0.000360      0.015941
20010426      -0.001622      0.004696
20010427      -0.006318      0.015010
20010430      -0.004360     -0.002865
20010501       0.005656      0.013590
20010502       0.026851      0.000782
20010503      -0.009187     -0.014873
20010504       0.004458      0.014440
20010507       0.005681     -0.002447
20010508      -0.007944     -0.001828
20010509      -0.007117     -0.004488
20010510       0.004159     -0.000287
20010511      -0.018008     -0.007577
20010514       0.008619      0.002609
20010515      -0.007091      0.000416
20010516       0.036440      0.028453
20010517       0.003534      0.002724
20010518       0.000000      0.002693
20010521      -0.012324      0.016154
20010522       0.014082     -0.002628
20010523      -0.030058     -0.015526
20010524       0.025553      0.003196
20010525      -0.006008     -0.011816
20010529       0.019200     -0.007794
20010530      -0.021280     -0.015655
20010531       0.014080      0.006202
20010601       0.028822      0.003862
20010604      -0.009224      0.005108
20010605       0.015862      0.012990
20010606      -0.010014     -0.010549
20010607       0.012344      0.005457
20010608       0.000847     -0.009397
20010611       0.000677     -0.008356
20010612       0.004227      0.001164
20010613       0.002357     -0.011347
20010614       0.011423     -0.017502
20010615      -0.014283     -0.004517
20010618       0.036394     -0.004883
20010619       0.001788      0.003434
20010620       0.002921      0.008709
20010621       0.048867      0.011364
20010622      -0.030238     -0.009450
20010625      -0.007159     -0.005509
20010626       0.003044     -0.001510
20010627       0.000319     -0.004676
20010628       0.018365      0.012493
20010629       0.009095     -0.001452
20010702       0.003108      0.010037
20010703       0.002634     -0.001827
20010705      -0.019623     -0.012321
20010706      -0.025374     -0.023498
20010709       0.008247      0.006879
20010710       0.006255     -0.014398
20010711       0.043513     -0.001134
20010712       0.007026      0.023691
20010713       0.003944      0.006241
20010716       0.012842     -0.010883
20010717      -0.015662      0.009971
20010718      -0.015002     -0.005542
20010719      -0.013692      0.006053
20010720       0.013882     -0.003432
20010723      -0.026923     -0.016369
20010724      -0.018498     -0.016272
20010725       0.014014      0.016080
20010726       0.015091      0.010449
20010727      -0.015649      0.002402
20010730       0.000000     -0.001078
20010731       0.011129      0.005571
20010801      -0.014623      0.003880
20010802       0.012606      0.003964
20010803      -0.002836     -0.005243
20010806      -0.002054     -0.011422
20010807       0.002217      0.003265
20010808      -0.017380     -0.017328
20010809       0.007397     -0.000084
20010810       0.012929      0.005687
20010813      -0.002206      0.000949
20010814       0.003001     -0.003828
20010815      -0.016060     -0.007339
20010816       0.009356      0.003090
20010817      -0.049544     -0.016663
20010820      -0.058349      0.008124
20010821      -0.005357     -0.012079
20010822       0.026930      0.006956
20010823      -0.017308     -0.002763
20010824       0.013877      0.019654
20010827      -0.005264     -0.004827
20010828      -0.004763     -0.015010
20010829      -0.010103     -0.011115
20010830      -0.029364     -0.017038
20010831       0.009961      0.004030
20010904      -0.002740     -0.000565
20010905      -0.003663     -0.001059
20010906      -0.020772     -0.022390
20010907      -0.035104     -0.018637
20010910       0.003502      0.006226
20010917      -0.135324     -0.049216
20010918      -0.013229     -0.005805
20010919      -0.014315     -0.016112
20010920      -0.061780     -0.031060
20010921      -0.011057     -0.019034
20010924       0.074037      0.038983
20010925      -0.043257      0.008790
20010926      -0.030464     -0.005167
20010927       0.026434      0.011489
20010928       0.042274      0.021922
20011001       0.005361     -0.002296
20011002      -0.004173      0.012306
20011003      -0.005355      0.019927
20011004      -0.035346     -0.002471
20011005       0.027906      0.001636
20011008      -0.016761     -0.008344
20011009      -0.020168     -0.005356
20011010       0.052683      0.022938
20011011       0.045857      0.015208
20011012      -0.016693     -0.005267
20011015       0.016297     -0.001530
20011016      -0.020713      0.006936
20011017      -0.027291     -0.018633
20011018      -0.017536     -0.007873
20011019      -0.015707      0.004557
20011022       0.029255      0.015296
20011023       0.013625     -0.004698
20011024       0.042874      0.000387
20011025      -0.008222      0.013721
20011026       0.017253      0.004109
20011029      -0.058150     -0.023818
20011030      -0.021515     -0.017166
20011031      -0.012428     -0.000009
20011101       0.023717      0.022948
20011102      -0.001182      0.002860
20011105       0.036213      0.014386
20011106      -0.007994      0.014526
20011107      -0.015888     -0.002735
20011108       0.023631      0.002456
20011109      -0.005714      0.001582
20011112      -0.014023     -0.001767
20011113       0.060620      0.018563
20011114       0.023116      0.001861
20011115       0.017814      0.000903
20011116       0.009605     -0.003143
20011119       0.009302      0.010899
20011120      -0.015920     -0.007298
20011121      -0.015751     -0.004927
20011123       0.031358      0.011706
20011126       0.019291      0.006155
20011127      -0.007612     -0.006843
20011128      -0.013267     -0.018251
20011129       0.020798      0.010350
20011130       0.022844     -0.000658
20011203      -0.013481     -0.008381
20011204       0.015705      0.013187
20011205       0.026707      0.022318
20011206       0.032271     -0.002777
20011207      -0.022546     -0.007531
20011210      -0.024230     -0.015868
20011211      -0.033572     -0.002781
20011212      -0.001850      0.000273
20011213      -0.025329     -0.015558
20011214       0.003169      0.003314
20011217      -0.004212      0.010035
20011218       0.007403      0.007546
20011219       0.009868      0.005810
20011220      -0.000208     -0.008377
20011221      -0.016220      0.004351
20011224       0.003171     -0.000210
20011226       0.005057      0.004124
20011227       0.005660      0.006752
20011228       0.019804      0.003362
20011231      -0.006541     -0.011145
20020102       0.000823      0.005740
20020103       0.014597      0.009180
20020104       0.014995      0.006213
20020107       0.010381     -0.006499
20020108      -0.016795     -0.003588
20020109       0.009646     -0.004799
20020110      -0.003384      0.001221
20020111      -0.005992     -0.009468
20020114      -0.003215     -0.006276
20020115       0.007055      0.006834
20020116      -0.001401     -0.016245
20020117       0.008218      0.010030
20020118      -0.010537     -0.009922
20020122      -0.025116     -0.007334
20020123       0.004122      0.007925
20020124      -0.012110      0.003519
20020125       0.007272      0.000998
20020128       0.038366     -0.000194
20020129      -0.018474     -0.028613
20020130       0.019227      0.011748
20020131       0.015488      0.014934
20020201      -0.000587     -0.007078
20020204      -0.016435     -0.024737
20020205      -0.008753     -0.004039
20020206      -0.030504     -0.005972
20020207       0.005175     -0.003083
20020208       0.026565      0.014859
20020211       0.003009      0.014340
20020212      -0.008600     -0.003993
20020213       0.042970      0.009941
20020214      -0.008398     -0.001815
20020215      -0.008864     -0.011017
20020219      -0.006161     -0.018874
20020220       0.045391      0.013514
20020221      -0.010520     -0.015510
20020222       0.026677      0.008224
20020225       0.044624      0.017975
20020226      -0.009733     -0.000045
20020227      -0.021296      0.000460
20020228      -0.014692     -0.002847
20020301       0.037561      0.022634
20020304       0.067855      0.019491
20020305      -0.001533     -0.006673
20020306       0.022351      0.014510
20020307       0.024867     -0.004498
20020308      -0.011399      0.005849
20020311       0.007083      0.003393
20020312      -0.002290     -0.002294
20020313      -0.018033     -0.009858
20020314       0.000000     -0.000910
20020315       0.014190      0.011379
20020318       0.005926     -0.000523
20020319      -0.004582      0.004067
20020320      -0.008220     -0.015757
20020321      -0.015084      0.001511
20020322       0.008246     -0.004239
20020325      -0.018528     -0.014651
20020326       0.005952      0.005849
20020327       0.019949      0.005349
20020328       0.001989      0.002455
20020401      -0.012407     -0.000741
20020402       0.004690     -0.008530
20020403      -0.010504     -0.009993
20020404       0.013311      0.000835
20020405      -0.002162     -0.003205
20020408       0.008165      0.002280
20020409      -0.000826     -0.006656
20020410       0.033581      0.011335
20020411      -0.009603     -0.023689
20020412      -0.004202      0.006632
20020415      -0.008439     -0.007615
20020416       0.048282      0.023418
20020417       0.014051     -0.002038
20020418      -0.013395     -0.001421
20020419       0.019819      0.000623
20020422      -0.006427     -0.015411
20020423       0.016479     -0.006201
20020424       0.004546     -0.007103
20020425      -0.021870     -0.001519
20020426      -0.005089     -0.013889
20020429      -0.020614     -0.010099
20020430       0.015192      0.010765
20020501       0.021200      0.008859
20020502       0.011143     -0.001749
20020503      -0.008454     -0.010262
20020506      -0.010353     -0.019340
20020507       0.002308     -0.003021
20020508       0.014735      0.037504
20020509      -0.004538     -0.014547
20020510       0.005926     -0.016794
20020513       0.016163      0.018550
20020514       0.011149      0.021144
20020515      -0.003234     -0.005659
20020516      -0.013373      0.006562
20020517      -0.006175      0.007612
20020520      -0.001818     -0.013293
20020521      -0.014119     -0.010990
20020522       0.000924      0.005686
20020523       0.000000      0.010184
20020524      -0.000154     -0.012087
20020528      -0.015233     -0.008553
20020529      -0.015625     -0.006412
20020530      -0.005714     -0.002810
20020531      -0.007822      0.002329
20020603      -0.014481     -0.024795
20020604      -0.029388      0.000010
20020605      -0.006056      0.008850
20020606      -0.015062     -0.019764
20020607       0.002577     -0.001574
20020610       0.010111      0.003124
20020611      -0.016118     -0.016629
20020612      -0.009657      0.006571
20020613      -0.023159     -0.010488
20020614      -0.011586     -0.002268
20020617       0.023084      0.028691
20020618       0.003878      0.000936
20020619      -0.010711     -0.016536
20020620      -0.045971     -0.013432
20020621       0.023814     -0.017043
20020624      -0.005088      0.003619
20020625      -0.026301     -0.016702
20020626      -0.004314     -0.002674
20020627      -0.029766      0.017575
20020628       0.037864     -0.000838
20020701      -0.049205     -0.021378
20020702      -0.006297     -0.021225
20020703      -0.006931      0.006223
20020705       0.030708      0.036730
20020708      -0.003095     -0.012184
20020709      -0.007568     -0.024719
20020710      -0.069026     -0.033962
20020711       0.002310      0.007496
20020712      -0.023470     -0.006448
20020715       0.028326     -0.003755
20020716      -0.043406     -0.018389
20020717      -0.016143      0.005538
20020718      -0.006652     -0.027019
20020719      -0.049777     -0.038341
20020722      -0.036880     -0.032922
20020723       0.007805     -0.027017
20020724       0.083011      0.057315
20020725      -0.018548     -0.005620
20020726      -0.019809      0.016884
20020729       0.070616      0.054078
20020730      -0.002170      0.004249
20020731       0.012177      0.009792
20020801      -0.015252     -0.029574
20020802      -0.055846     -0.023082
20020805      -0.035120     -0.034296
20020806       0.025862      0.029919
20020807       0.023810      0.020010
20020808       0.007752      0.032722
20020809       0.006787      0.003512
20020812      -0.004494     -0.005327
20020813      -0.016704     -0.021675
20020814       0.037420      0.040047
20020815       0.022824      0.011559
20020816      -0.004594     -0.001591
20020819       0.027692      0.023633
20020820       0.004063     -0.013979
20020821       0.022577      0.012726
20020822       0.027286      0.014052
20020823      -0.028386     -0.022686
20020826       0.030885      0.007536
20020827      -0.026518     -0.013851
20020828      -0.012685     -0.018132
20020829       0.020430     -0.000076
20020830      -0.012178     -0.001885
20020903      -0.048266     -0.041536
20020904       0.004391      0.017517
20020905      -0.031038     -0.015950
20020906       0.033160      0.016800
20020909       0.001965      0.010113
20020910       0.016561      0.007331
20020911       0.009646     -0.000143
20020912      -0.035881     -0.024784
20020913      -0.029289      0.003270
20020916       0.012024      0.001450
20020917      -0.015019     -0.019728
20020918      -0.004552     -0.004648
20020919      -0.029492     -0.030065
20020920       0.011307      0.002455
20020923      -0.031447     -0.013828
20020924      -0.082251     -0.017284
20020925       0.036950      0.024863
20020926       0.049280      0.018210
20020927      -0.041667     -0.032259
20020930      -0.022367     -0.014600
20021001       0.044730      0.040010
20021002      -0.047244     -0.023587
20021003      -0.024535     -0.010822
20021004      -0.035743     -0.022431
20021007      -0.014827     -0.019111
20021008      -0.063545      0.016898
20021009      -0.077083     -0.027287
20021010       0.068043      0.034966
20021011       0.051329      0.039059
20021014      -0.044802      0.007327
20021015       0.103428      0.047336
20021016      -0.069755     -0.024113
20021017       0.036907      0.022302
20021018      -0.030791      0.005903
20021021       0.078403      0.017334
20021022      -0.032432     -0.010626
20021023       0.019553      0.006718
20021024      -0.023836     -0.015221
20021025      -0.002526      0.017167
20021028      -0.018571     -0.008266
20021029      -0.032970     -0.009076
20021030      -0.034984      0.009704
20021031       0.021505     -0.005557
20021101       0.023158      0.017160
20021104      -0.004409      0.008191
20021105       0.030410      0.007761
20021106       0.047564      0.009144
20021107      -0.054158     -0.022852
20021108      -0.004627     -0.008763
20021111       0.004358     -0.020732
20021112      -0.008967      0.007715
20021113       0.005628     -0.000476
20021114       0.029455      0.024634
20021115       0.003433      0.006149
20021118       0.002851     -0.010409
20021119      -0.004265     -0.004021
20021120       0.007995      0.019415
20021121       0.090652      0.021452
20021122      -0.023896     -0.003438
20021125       0.029803      0.002504
20021126      -0.026873     -0.020978
20021127       0.061869      0.027986
20021129      -0.007252     -0.002727
20021202       0.006297     -0.001901
20021203      -0.051314     -0.014745
20021204       0.013456     -0.003454
20021205      -0.011976     -0.012010
20021206      -0.018445      0.006266
20021209      -0.028993     -0.022176
20021210       0.021565      0.013957
20021211      -0.003248      0.000564
20021212       0.016562     -0.003724
20021213      -0.024573     -0.013432
20021216       0.021906      0.023519
20021217      -0.017685     -0.008139
20021218      -0.007911     -0.013145
20021219      -0.007149     -0.007709
20021220       0.026309      0.013005
20021223      -0.006206      0.001820
20021224      -0.000543     -0.005471
20021226       0.008150     -0.003149
20021227      -0.015360     -0.016029
20021230       0.011768      0.004558
20021231      -0.002975      0.000489
20030102       0.056701      0.033200
20030103      -0.010526     -0.000484
20030106       0.024650      0.022474
20030107       0.008863     -0.006545
20030108      -0.040914     -0.014086
20030109       0.033761      0.019397
20030110      -0.009873     -0.000011
20030113       0.016108     -0.001412
20030114       0.019124      0.005830
20030115      -0.007407     -0.014426
20030116      -0.011692     -0.003942
20030117       0.006796     -0.014017
20030121      -0.009250     -0.015702
20030122      -0.046682     -0.010432
20030123       0.026998      0.010224
20030124      -0.032216     -0.029233
20030127      -0.014913     -0.016160
20030128       0.011084      0.013050
20030129      -0.003209      0.006779
20030130      -0.036749     -0.022849
20030131       0.011696      0.013130
20030203       0.011836      0.005399
20030204      -0.017410     -0.014088
20030205       0.009690     -0.005435
20030206      -0.010145     -0.006449
20030207      -0.002216     -0.010094
20030210       0.009439      0.007569
20030211      -0.008526     -0.008098
20030212      -0.042441     -0.012687
20030213      -0.010876     -0.001600
20030214      -0.016345      0.021435
20030218       0.041088      0.019500
20030219      -0.016831     -0.007096
20030220      -0.007674     -0.009501
20030221       0.011303      0.013224
20030224      -0.021177     -0.018381
20030225       0.011118      0.007195
20030226      -0.008024     -0.013141
20030227       0.012582      0.011758
20030228      -0.000888      0.004622
20030303      -0.018063     -0.007537
20030304      -0.056996     -0.015357
20030305       0.011193      0.009562
20030306      -0.013283     -0.009339
20030307      -0.002885      0.008259
20030310      -0.013822     -0.025830
20030311      -0.024772     -0.008359
20030312       0.023730      0.004321
20030313       0.064316      0.034457
20030314      -0.018405      0.001647
20030317       0.037812      0.035427
20030318       0.027401      0.004242
20030319      -0.001758      0.008737
20030320       0.004404      0.001888
20030321       0.030400      0.022977
20030324      -0.038865     -0.035231
20030325       0.011511      0.012161
20030326       0.001751     -0.005476
20030327      -0.003496     -0.001644
20030328      -0.006431     -0.005780
20030331      -0.010886     -0.017742
20030401       0.005354      0.012144
20030402       0.026627      0.026116
20030403       0.008934     -0.005052
20030404      -0.003142      0.002738
20030407       0.014327      0.001229
20030408      -0.018927     -0.001864
20030409      -0.007198     -0.014004
20030410       0.000580      0.006455
20030411       0.009565     -0.003763
20030414       0.037037      0.019498
20030415      -0.026301      0.006303
20030416      -0.003128     -0.012236
20030417       0.008842      0.015536
20030421       0.010461     -0.001757
20030422       0.038892      0.021704
20030423       0.010234      0.008394
20030424      -0.022661     -0.008259
20030425      -0.028369     -0.013846
20030428       0.023863      0.017835
20030429      -0.004936      0.003279
20030430      -0.006613     -0.001002
20030501      -0.015257     -0.000676
20030502       0.008451      0.015039
20030505      -0.001676     -0.003795
20030506       0.013710      0.008461
20030507      -0.004140     -0.005105
20030508      -0.008315     -0.010058
20030509       0.005310      0.014278
20030512       0.020017      0.012535
20030513      -0.010630     -0.002973
20030514       0.003030     -0.003205
20030515      -0.028683      0.007868
20030516      -0.013475     -0.002504
20030519      -0.023249     -0.024918
20030520      -0.008331     -0.001129
20030521       0.006301      0.004012
20030522       0.002087      0.009151
20030523      -0.010414      0.001449
20030527       0.049309      0.019567
20030528      -0.005731      0.001829
20030529      -0.003458     -0.003756
20030530       0.021689      0.014690
20030602       0.028588      0.003539
20030603      -0.010732      0.004716
20030604      -0.002782      0.015110
20030605      -0.007252      0.003954
20030606       0.004215     -0.002404
20030609      -0.012311     -0.011977
20030610       0.028329      0.009130
20030611       0.022865      0.012835
20030612      -0.000269      0.001033
20030613      -0.024784     -0.009915
20030616       0.025138      0.022385
20030617       0.054702      0.000910
20030618      -0.015074     -0.001552
20030619      -0.012451     -0.015236
20030620       0.013659      0.000995
20030623      -0.031355     -0.014111
20030624      -0.012841      0.001834
20030625      -0.007859     -0.008267
20030626      -0.018301      0.010776
20030627       0.004730     -0.009738
20030630      -0.003046     -0.001762
20030701      -0.007222      0.008025
20030702       0.005596      0.011646
20030703      -0.004452     -0.008111
20030707       0.003354      0.018992
20030708       0.018942      0.003405
20030709      -0.011755     -0.005586
20030710      -0.012448     -0.013480
20030711       0.001120      0.009548
20030714       0.015669      0.005731
20030715      -0.001377     -0.003427
20030716      -0.009103     -0.006417
20030717      -0.005011     -0.012344
20030718       0.003637      0.011806
20030721       0.003067     -0.014618
20030722       0.001668      0.009512
20030723       0.004440      0.000506
20030724       0.001934     -0.007091
20030725       0.015715      0.017400
20030728       0.011129     -0.002163
20030729      -0.009128     -0.007265
20030730      -0.001084     -0.001809
20030731       0.015189      0.002856
20030801      -0.004275     -0.010259
20030804      -0.007513      0.002724
20030805      -0.021357     -0.017663
20030806       0.009945      0.001678
20030807       0.004103      0.007280
20030808       0.007355      0.003562
20030811       0.003515      0.003069
20030812       0.014012      0.009953
20030813      -0.000797     -0.006382
20030814       0.005930      0.006585
20030815      -0.005895      0.000162
20030818       0.025606      0.009155
20030819       0.013141      0.002611
20030820      -0.001038     -0.002045
20030821       0.016100      0.002969
20030822      -0.011500     -0.010177
20030825      -0.005688      0.000655
20030826       0.015601      0.003039
20030827       0.008705      0.000060
20030828       0.025634      0.006069
20030829       0.017075      0.005155
20030902       0.033577      0.013869
20030903       0.003060      0.004188
20030904      -0.003286      0.001656
20030905      -0.017895     -0.006401
20030908       0.019180      0.010035
20030909      -0.021171     -0.008210
20030910      -0.017304     -0.011973
20030911       0.001467      0.005441
20030912       0.014164      0.002174
20030915      -0.006742     -0.003750
20030916       0.015273      0.014298
20030917      -0.004537     -0.003255
20030918       0.006476      0.013266
20030919      -0.001907     -0.003155
20030922      -0.012894     -0.013008
20030923       0.007983      0.006071
20030924      -0.020398     -0.019096
20030925      -0.000735     -0.006053
20030926      -0.008581     -0.006399
20030929       0.004451      0.009761
20030930       0.007632     -0.010541
20031001      -0.009040      0.022340
20031002       0.006410      0.001984
20031003       0.015189      0.009419
20031006       0.009170      0.004370
20031007       0.006695      0.004737
20031008       0.001188     -0.005263
20031009       0.005931      0.004788
20031010       0.009198     -0.000645
20031013       0.017527      0.007023
20031014       0.009876      0.003951
20031015      -0.009552     -0.002592
20031016       0.006429      0.003162
20031017      -0.015743     -0.010237
20031020       0.004868      0.005157
20031021      -0.013841      0.001292
20031022      -0.020351     -0.014980
20031023       0.004537      0.003310
20031024      -0.005467     -0.004701
20031027       0.010277      0.002158
20031028       0.020819      0.015187
20031029      -0.004635      0.001261
20031030      -0.001397     -0.001116
20031031      -0.005129      0.003601
20031103       0.005390      0.007909
20031104       0.000000     -0.005448
20031105       0.001165     -0.001367
20031106      -0.001630      0.005933
20031107       0.001166     -0.004574
20031110      -0.008619     -0.005792
20031111       0.000000     -0.000516
20031112       0.015692      0.011456
20031113       0.002341     -0.000142
20031114      -0.012844     -0.007615
20031117      -0.009226     -0.006398
20031118      -0.006208     -0.009084
20031119       0.014176      0.008016
20031120      -0.012793     -0.008432
20031121      -0.001440      0.001577
20031124       0.018745      0.016227
20031125       0.004954      0.001720
20031126       0.001174      0.004327
20031128       0.003048     -0.000236
20031201       0.008181      0.011264
20031202       0.003478     -0.003271
20031203       0.052218     -0.001772
20031204       0.020422      0.004687
20031205      -0.009038     -0.007684
20031208       0.023670      0.007348
20031209       0.026941     -0.008529
20031210      -0.000413     -0.001066
20031211       0.011159      0.011482
20031212       0.017576      0.002735
20031215      -0.017273     -0.005679
20031216       0.013693      0.006638
20031217       0.005242      0.001256
20031218       0.010630      0.011798
20031219      -0.000595     -0.000468
20031222       0.040707      0.003922
20031223      -0.008205      0.002818
20031224       0.026356     -0.001807
20031226      -0.007123      0.001691
20031229       0.013781      0.012401
20031230      -0.002793      0.000144
20031231      -0.002801      0.002055
20040102       0.004494     -0.003094
20040105       0.017711      0.012395
20040106      -0.006045      0.001292
20040107       0.013638      0.002367
20040108      -0.000182      0.004963
20040109      -0.021458     -0.008888
20040112       0.000929      0.004787
20040113      -0.009840     -0.005332
20040114       0.008626      0.008295
20040115       0.003904      0.001353
20040116       0.001296      0.006872
20040120      -0.003699     -0.000930
20040121       0.004641      0.007772
20040122       0.002772     -0.003207
20040123      -0.009766     -0.002089
20040126       0.000558      0.012106
20040127      -0.006509     -0.009798
20040128      -0.017971     -0.013610
20040129      -0.033359      0.004989
20040130      -0.020312     -0.002628
20040202      -0.019726      0.003651
20040203      -0.017248      0.000678
20040204       0.002298     -0.008371
20040205       0.011257      0.001838
20040206       0.002680      0.012555
20040209       0.009663     -0.002581
20040210       0.003258      0.005027
20040211       0.020905      0.010667
20040212      -0.005020     -0.004880
20040213      -0.013522     -0.005468
20040217       0.012275      0.009757
20040218      -0.011924     -0.004468
20040219       0.014522     -0.004133
20040220      -0.021976     -0.002572
20040223      -0.020614     -0.002727
20040224      -0.001894     -0.001665
20040225       0.010333      0.004021
20040226      -0.002713      0.001084
20040227       0.007116      0.000026
20040301       0.011014      0.009625
20040302      -0.001028     -0.005934
20040303      -0.013374      0.001688
20040304       0.007299      0.003336
20040305       0.001656      0.001723
20040308      -0.015502     -0.008350
20040309      -0.017846     -0.005779
20040310      -0.014964     -0.014633
20040311      -0.025608     -0.015224
20040312       0.010913      0.012460
20040315      -0.009253     -0.014350
20040316       0.012230      0.005623
20040317       0.021309      0.011749
20040318      -0.003227     -0.001273
20040319      -0.026759     -0.011173
20040322      -0.001996     -0.012958
20040323       0.001555     -0.001324
20040324       0.002662     -0.002395
20040325       0.009071      0.016365
20040326       0.003508     -0.001019
20040329       0.018134      0.013005
20040330       0.021459      0.004036
20040331      -0.010504     -0.000701
20040401      -0.000212      0.005292
20040402      -0.010406      0.008515
20040405       0.022532      0.007672
20040406       0.002308     -0.002095
20040407      -0.022194     -0.006645
20040408      -0.003854     -0.001061
20040412       0.005374      0.005161
20040413      -0.010263     -0.013762
20040414      -0.007129     -0.001124
20040415      -0.012402      0.000594
20040416       0.017184      0.005111
20040419      -0.000433      0.001066
20040420       0.035103     -0.015557
20040421       0.010467      0.005312
20040422       0.011809      0.014091
20040423       0.006962      0.000588
20040426       0.003050     -0.004445
20040427       0.003446      0.002272
20040428      -0.020202     -0.013795
20040429      -0.018144     -0.007591
20040430      -0.004200     -0.005916
20040503       0.018347      0.009203
20040504      -0.007248      0.001843
20040505      -0.007927      0.001769
20040506      -0.027124     -0.006723
20040507      -0.036093     -0.013725
20040510      -0.012780     -0.010540
20040511       0.013173      0.007662
20040512       0.008294      0.001671
20040513      -0.007419     -0.000766
20040514       0.004530     -0.000675
20040517      -0.021420     -0.010587
20040518       0.016359      0.006817
20040519      -0.010655     -0.002574
20040520      -0.004125      0.000468
20040521      -0.008744      0.004012
20040524       0.016017      0.001692
20040525       0.022161      0.016104
20040526       0.008940      0.001698
20040527       0.006646      0.005686
20040528      -0.001100     -0.000535
20040601      -0.008152      0.000464
20040602       0.007996      0.003380
20040603       0.005289     -0.007422
20040604       0.013152      0.005248
20040607       0.019256      0.015964
20040608       0.007854      0.001543
20040609      -0.002949     -0.009499
20040610       0.015209      0.004543
20040614      -0.020183     -0.009837
20040615       0.011680      0.005972
20040616       0.005038      0.001369
20040617      -0.002297     -0.001332
20040618       0.004396      0.002624
20040621      -0.012922     -0.004159
20040622       0.005490      0.003636
20040623       0.013440      0.008507
20040624      -0.009739     -0.002981
20040625      -0.002929     -0.005453
20040628      -0.023925     -0.000952
20040629       0.006665      0.002515
20040630      -0.004912      0.004084
20040701      -0.023825     -0.010431
20040702      -0.005277     -0.003153
20040706      -0.015252     -0.008148
20040707      -0.007407      0.001899
20040708      -0.010403     -0.008244
20040709       0.010969      0.003336
20040712       0.001582      0.001384
20040713       0.008350      0.000709
20040714      -0.012086     -0.003291
20040715      -0.004531     -0.004301
20040716      -0.007738     -0.004789
20040719       0.003899     -0.000445
20040720      -0.003884      0.007058
20040721      -0.005734     -0.013340
20040722      -0.004614      0.002706
20040723      -0.005099     -0.009701
20040726      -0.006289     -0.001970
20040727       0.018753      0.009935
20040728       0.015186      0.000539
20040729      -0.031052      0.004574
20040730       0.009123      0.001172
20040802       0.003709      0.004448
20040803      -0.005312     -0.006262
20040804       0.001393     -0.000964
20040805      -0.013680     -0.016320
20040806      -0.024683     -0.015481
20040809      -0.001205      0.001175
20040810       0.017616      0.012974
20040811       0.001660     -0.003012
20040812      -0.022041     -0.011675
20040813      -0.003185      0.001477
20040816       0.017941      0.013655
20040817       0.003863      0.002196
20040818       0.009139      0.012443
20040819      -0.010009     -0.003598
20040820      -0.005055      0.006525
20040823       0.000726     -0.002431
20040824       0.003143      0.000465
20040825       0.006026      0.008000
20040826       0.003833      0.000118
20040827      -0.003580      0.002425
20040830      -0.015569     -0.007781
20040831       0.005110      0.004631
20040901      -0.002421      0.001512
20040902       0.041010      0.011212
20040903      -0.008625     -0.004185
20040907       0.014343      0.006887
20040908       0.001623     -0.004486
20040909      -0.009026      0.001890
20040910      -0.003269      0.004954
20040913       0.007498      0.001691
20040914      -0.008139      0.002229
20040915      -0.012661     -0.007055
20040916      -0.001900      0.002794
20040917       0.000476      0.004495
20040920      -0.004994     -0.005627
20040921       0.005019      0.006327
20040922      -0.013555     -0.013938
20040923      -0.006991     -0.004670
20040924       0.004127      0.001579
20040927      -0.005077     -0.005936
20040928       0.002430      0.005926
20040929      -0.003636      0.004270
20040930       0.033577     -0.000197
20041001       0.015537      0.015181
20041004      -0.015299      0.003243
20041005      -0.007533     -0.000608
20041006      -0.001897      0.006673
20041007      -0.012833     -0.009982
20041008      -0.001204     -0.007527
20041011      -0.001687      0.002005
20041012       0.009174     -0.002268
20041013      -0.011962     -0.007301
20041014      -0.059564     -0.009303
20041015       0.002832      0.004450
20041018      -0.001027      0.005252
20041019      -0.023387     -0.009686
20041020      -0.004211      0.000390
20041021       0.006343      0.002564
20041022      -0.007090     -0.009715
20041025      -0.020365     -0.000849
20041026       0.014309      0.014870
20041027       0.013575      0.012879
20041028       0.019170      0.001813
20041029      -0.006699      0.002448
20041101       0.020493      0.000274
20041102      -0.004067      0.000027
20041103      -0.009699      0.011198
20041104       0.030928      0.016156
20041105       0.007595      0.003874
20041108      -0.001759     -0.001098
20041109       0.006041     -0.000695
20041110      -0.015261     -0.001005
20041111       0.013720      0.009089
20041112       0.007769      0.009110
20041115       0.000995     -0.000304
20041116      -0.014658     -0.007079
20041117       0.002774      0.005538
20041118       0.002766      0.001362
20041119      -0.024574     -0.011161
20041122       0.003856      0.005896
20041123      -0.008195     -0.000255
20041124       0.021430      0.004095
20041126      -0.008342      0.000753
20041129      -0.010196     -0.003450
20041130      -0.006181     -0.004030
20041201       0.003887      0.014951
20041202      -0.008260     -0.000873
20041203       0.003904      0.000706
20041206      -0.008297     -0.000772
20041207      -0.001830     -0.011073
20041208       0.002095      0.004877
20041209       0.002352      0.005436
20041210       0.015124     -0.001043
20041213      -0.003853      0.008990
20041214      -0.003868      0.003921
20041215       0.008543      0.001945
20041216       0.006930     -0.002082
20041217      -0.015549     -0.007472
20041220       0.007509      0.000360
20041221       0.016191      0.009040
20041222       0.015174      0.003418
20041223      -0.007723      0.000463
20041227      -0.004519     -0.004305
20041228       0.008071      0.007154
20041229       0.007506     -0.000074
20041230      -0.002483      0.000082
20041231      -0.002738     -0.001343
20050103       0.005991     -0.008119
20050104      -0.010174     -0.011671
20050105      -0.019303     -0.003628
20050106       0.008436      0.003506
20050107      -0.011407     -0.001431
20050110      -0.013077      0.003423
20050111      -0.001039     -0.006100
20050112      -0.001561      0.003981
20050113      -0.027872     -0.008630
20050114      -0.005091      0.006005
20050118      -0.009696      0.009675
20050119      -0.001632     -0.009490
20050120      -0.012531     -0.007783
20050121      -0.008000     -0.006415
20050124       0.012792     -0.003528
20050125       0.002197      0.004004
20050126       0.013151      0.004844
20050127      -0.007572      0.000409
20050128      -0.001635     -0.002716
20050131       0.004640      0.008460
20050201       0.001902      0.006891
20050202       0.018167      0.003178
20050203      -0.006391     -0.002766
20050204      -0.002412      0.011043
20050207       0.016389     -0.001089
20050208      -0.008988      0.000483
20050209      -0.010403     -0.008575
20050210       0.002186      0.004211
20050211       0.012541      0.006926
20050214       0.002693      0.000697
20050215      -0.000537      0.003300
20050216      -0.001075      0.000182
20050217       0.000807     -0.007923
20050218       0.002419      0.000700
20050222      -0.014477     -0.014506
20050223       0.000000      0.005607
20050224      -0.001904      0.007894
20050225       0.005451      0.009307
20050228      -0.033613     -0.006414
20050301       0.009257      0.005658
20050302      -0.018899     -0.000273
20050303      -0.003683      0.000322
20050304      -0.009383      0.009624
20050307       0.002296      0.002610
20050308      -0.013746     -0.004799
20050309      -0.010453     -0.010185
20050310       0.015552      0.001856
20050311      -0.007801     -0.007583
20050314      -0.000291      0.005625
20050315      -0.017769     -0.007524
20050316      -0.139680     -0.008082
20050317      -0.022751      0.001801
20050318       0.009524     -0.000471
20050321       0.037386     -0.004934
20050322      -0.005052     -0.010196
20050323      -0.029790      0.000700
20050324       0.022331     -0.000947
20050328      -0.031741      0.002441
20050329       0.008460     -0.007596
20050330       0.031108      0.013773
20050331      -0.003729     -0.000694
20050401      -0.000340     -0.006497
20050404      -0.011232      0.002728
20050405      -0.000344      0.004481
20050406       0.028237      0.002269
20050407       0.022438      0.005971
20050408      -0.033737     -0.008345
20050411      -0.008475      0.000008
20050412      -0.008547      0.005545
20050413      -0.023103     -0.011762
20050414      -0.058948     -0.010002
20050415      -0.039760     -0.016720
20050418       0.023047      0.002941
20050419      -0.003818      0.005934
20050420      -0.010349     -0.013255
20050421       0.007359      0.019736
20050422       0.028066     -0.006750
20050425       0.000374      0.008662
20050426      -0.008598     -0.008915
20050427       0.016591      0.004029
20050428      -0.007789     -0.011380
20050429      -0.002617      0.011922
20050502       0.017991      0.004590
20050503       0.022460     -0.000852
20050504       0.181131      0.012470
20050505      -0.059146     -0.002569
20050506      -0.003240     -0.001092
20050509       0.018531      0.006394
20050510       0.006384     -0.010705
20050511      -0.016809      0.004193
20050512      -0.012258     -0.010033
20050513       0.011757     -0.004580
20050516       0.000968      0.010086
20050517       0.010964      0.006957
20050518       0.024635      0.010019
20050519       0.036065      0.004656
20050520       0.007023     -0.001511
20050523      -0.011825      0.003851
20050524      -0.027616      0.000176
20050525      -0.006311     -0.003400
20050526       0.014608      0.006395
20050527      -0.003756      0.000969
20050531      -0.009425     -0.006073
20050601      -0.004440      0.009039
20050602      -0.004779      0.001680
20050603      -0.009923     -0.006867
20050606      -0.016489      0.001246
20050607       0.010191     -0.000209
20050608       0.041979     -0.002163
20050609      -0.006558      0.005240
20050610       0.084879     -0.002348
20050613      -0.001739      0.002262
20050614       0.041219      0.002573
20050615       0.013103      0.002218
20050616      -0.019813      0.003630
20050617       0.001684      0.004955
20050620       0.003924     -0.000707
20050621       0.002513     -0.002048
20050622      -0.030354      0.000222
20050623      -0.028432     -0.010833
20050624       0.007390     -0.007629
20050627      -0.017899     -0.000739
20050628       0.026591      0.009138
20050629      -0.005530     -0.001431
20050630      -0.004975     -0.007101
20050701       0.019118      0.002611
20050705       0.003463      0.008833
20050706      -0.015818     -0.008340
20050707      -0.011689      0.002452
20050708       0.025429      0.011679
20050711       0.032295      0.006255
20050712       0.001676      0.002272
20050713       0.000279      0.000884
20050714       0.031503      0.002624
20050715      -0.007027      0.001158
20050718      -0.006260     -0.005530
20050719       0.008765      0.006731
20050720      -0.006788      0.004759
20050721      -0.016129     -0.006606
20050722       0.007224      0.005411
20050725      -0.010483     -0.003769
20050726       0.030388      0.001733
20050727      -0.001623      0.004573
20050728       0.016802      0.005603
20050729      -0.018657     -0.007671
20050801       0.001086      0.000948
20050802      -0.008953      0.007099
20050803      -0.001095      0.000739
20050804      -0.012058     -0.007373
20050805      -0.023856     -0.007638
20050808      -0.006820     -0.002683
20050809       0.012589      0.006745
20050810       0.003391     -0.001827
20050811      -0.002856      0.007062
20050812      -0.010312     -0.005994
20050815      -0.000289      0.002828
20050816      -0.013897     -0.011776
20050817       0.000294      0.000738
20050818      -0.014382     -0.001000
20050819      -0.002085      0.000566
20050822       0.001791      0.001656
20050823      -0.001489     -0.003405
20050824       0.022375     -0.006554
20050825      -0.005252      0.002315
20050826       0.001467     -0.006013
20050829      -0.002929      0.005958
20050830       0.012045     -0.003192
20050831      -0.007547      0.009864
20050901      -0.035683      0.001033
20050902      -0.001820     -0.002922
20050906       0.005773      0.012619
20050907      -0.003021      0.002408
20050908      -0.018182     -0.003793
20050909       0.001234      0.007965
20050912       0.008323     -0.000741
20050913      -0.000611     -0.007545
20050914       0.002447     -0.003281
20050915      -0.006713      0.000464
20050916      -0.002151      0.008292
20050919      -0.036022     -0.005566
20050920      -0.007346     -0.007863
20050921      -0.012226     -0.009121
20050922      -0.008795      0.003652
20050923       0.021032      0.000552
20050926       0.002575      0.000280
20050927      -0.012199      0.000025
20050928       0.002275      0.001012
20050929      -0.004864      0.008867
20050930      -0.002607      0.000920
20051003       0.014048     -0.001717
20051004      -0.030928     -0.009970
20051005      -0.048205     -0.014887
20051006      -0.009780     -0.004096
20051007      -0.002116      0.003701
20051010      -0.099328     -0.007166
20051011       0.036892     -0.002072
20051012       0.010598     -0.006068
20051013       0.016854     -0.000713
20051014       0.030571      0.008268
20051017       0.075411      0.002975
20051018      -0.032237     -0.010050
20051019      -0.025412      0.014956
20051020       0.000000     -0.015020
20051021      -0.004228      0.001520
20051024       0.042817      0.016777
20051025      -0.006447     -0.002368
20051026      -0.003757     -0.004312
20051027      -0.067878     -0.010475
20051028       0.002574      0.016549
20051031       0.005136      0.007176
20051101      -0.007664     -0.003521
20051102      -0.023906      0.009977
20051103       0.002638      0.004264
20051104       0.006013      0.000164
20051107       0.017931      0.002188
20051108      -0.032661     -0.003451
20051109      -0.047564      0.001690
20051110      -0.045473      0.008446
20051111       0.041259      0.003055
20051114      -0.030229     -0.000778
20051115      -0.047599     -0.003850
20051116      -0.058381      0.001790
20051117       0.062940      0.009414
20051118       0.062749      0.004401
20051121      -0.019543      0.005271
20051122      -0.013147      0.005084
20051123       0.010743      0.003473
20051125      -0.028061      0.002086
20051128       0.015748     -0.008508
20051129      -0.009475      0.000016
20051130      -0.047826     -0.006362
20051201       0.032420      0.012157
20051202      -0.023441      0.000324
20051205       0.002264     -0.002363
20051206       0.011749      0.001276
20051207       0.029031     -0.005009
20051208      -0.045139     -0.001217
20051209       0.041818      0.002811
20051212       0.005672      0.000842
20051213      -0.032538      0.005554
20051214       0.006278      0.004190
20051215      -0.013815     -0.001414
20051216      -0.010845     -0.002848
20051219      -0.038374     -0.005839
20051220      -0.057007     -0.000238
20051221      -0.040302      0.002517
20051222      -0.021522      0.004221
20051223       0.010193      0.000426
20051227       0.008497     -0.009553
20051228      -0.020010      0.001297
20051229       0.021494     -0.002981
20051230       0.021568     -0.004887
20060103      -0.026777      0.016430
20060104       0.026984      0.003673
20060105       0.057187      0.000016
20060106       0.013645      0.009399
20060109       0.077404      0.003656
20060110      -0.015618     -0.000357
20060111      -0.009066      0.003481
20060112      -0.041171     -0.006274
20060113      -0.028149      0.001205
20060117      -0.027001     -0.003635
20060118       0.016145     -0.003897
20060119       0.005958      0.005564
20060120      -0.010365     -0.018326
20060123       0.089776      0.001847
20060124       0.054920      0.002405
20060125       0.034707     -0.001721
20060126      -0.033543      0.007235
20060127       0.032538      0.007764
20060130       0.022689      0.001153
20060131      -0.011504     -0.003984
20060201       0.018288      0.001859
20060202      -0.036735     -0.009061
20060203      -0.019068     -0.005359
20060206       0.008207      0.000783
20060207      -0.022708     -0.008095
20060208      -0.035949      0.008663
20060209       0.006821     -0.001478
20060210      -0.012195      0.002540
20060213       0.005944     -0.003260
20060214       0.007727      0.010033
20060215       0.002737      0.003504
20060216       0.013649      0.007328
20060217      -0.016158     -0.001660
20060221      -0.023266     -0.003271
20060222      -0.010276      0.007513
20060223      -0.028315     -0.003775
20060224      -0.029140      0.001274
20060227       0.006003      0.003637
20060228       0.009945     -0.010401
20060301      -0.020187      0.008261
20060302      -0.024623     -0.001626
20060303      -0.010304     -0.001482
20060306       0.031234     -0.006968
20060307       0.024230     -0.001862
20060308       0.006407      0.002030
20060309       0.045054     -0.004881
20060310       0.014058      0.007349
20060313      -0.012477      0.001990
20060314      -0.010763      0.010396
20060315       0.017029      0.004270
20060316       0.033488      0.001773
20060317      -0.049055      0.001471
20060320      -0.013251     -0.001660
20060321       0.055156     -0.006015
20060322       0.000455      0.006021
20060323      -0.000454     -0.002582
20060324       0.029545      0.000983
20060327       0.012362     -0.001028
20060328      -0.007850     -0.006438
20060329      -0.026374      0.007470
20060330      -0.049210     -0.002026
20060331       0.009972     -0.004168
20060403      -0.053127      0.002301
20060404      -0.029791      0.006257
20060405       0.018935      0.004311
20060406      -0.018081     -0.001921
20060407      -0.002046     -0.010343
20060410      -0.005638      0.000849
20060411      -0.009278     -0.007736
20060412       0.042144      0.001205
20060413       0.018472      0.000776
20060417      -0.017647     -0.002940
20060418       0.026946      0.017365
20060419      -0.000486      0.001744
20060420       0.100632      0.001168
20060421      -0.037544     -0.000137
20060424      -0.015603     -0.002417
20060425      -0.001865     -0.004870
20060426       0.081270      0.002819
20060427       0.002160      0.003302
20060428      -0.013793      0.000680
20060501      -0.010490     -0.004135
20060502       0.025177      0.006145
20060503      -0.031021     -0.004082
20060504       0.004002      0.003364
20060505       0.026572      0.010295
20060508       0.015962     -0.000830
20060509       0.095541      0.000362
20060510       0.040310     -0.001728
20060511      -0.029334     -0.012798
20060512       0.010849     -0.011241
20060515       0.004216      0.002525
20060516      -0.025573     -0.001869
20060517      -0.041912     -0.016841
20060518      -0.016353     -0.006699
20060519       0.025769      0.004137
20060522      -0.009724     -0.003915
20060523       0.001637     -0.004350
20060524       0.082925      0.001584
20060525       0.052433      0.011370
20060526       0.006452      0.005719
20060530      -0.053775     -0.015873
20060531       0.013549      0.008136
20060601      -0.001114      0.012298
20060602      -0.015242      0.001952
20060605      -0.016610     -0.017800
20060606      -0.030710     -0.001138
20060607      -0.010297     -0.006092
20060608      -0.006403      0.001417
20060609       0.020942     -0.004476
20060612       0.016963     -0.012697
20060613      -0.019395     -0.010280
20060614       0.003165      0.005189
20060615       0.009069      0.021235
20060616       0.000391     -0.003678
20060619       0.029297     -0.009109
20060620      -0.026565     -0.000016
20060621       0.021443      0.009741
20060622       0.040840     -0.005271
20060623      -0.011001     -0.000883
20060626       0.028921      0.004869
20060627      -0.066667     -0.009084
20060628       0.029344      0.005487
20060629       0.029257      0.021565
20060630       0.085641     -0.002098
20060703      -0.012756      0.007865
20060705       0.000340     -0.007249
20060706      -0.007478      0.002494
20060707       0.009589     -0.006750
20060710      -0.003392      0.001470
20060711       0.004084      0.004087
20060712       0.004068     -0.010939
20060713      -0.043889     -0.012959
20060714      -0.030014     -0.004902
20060717       0.007645     -0.001383
20060718       0.001084      0.001920
20060719       0.029231      0.018555
20060720       0.001052     -0.008477
20060721       0.015061     -0.007077
20060724       0.023810      0.016625
20060725       0.033367      0.006321
20060726       0.043705     -0.000378
20060727       0.003438     -0.004100
20060728       0.007474      0.012152
20060731      -0.003709     -0.001478
20060801      -0.028855     -0.004496
20060802       0.009904      0.006004
20060803      -0.012971      0.001345
20060804      -0.003526     -0.000711
20060807       0.009971     -0.002806
20060808      -0.009236     -0.003363
20060809      -0.002572     -0.004349
20060810      -0.005523      0.004629
20060811      -0.016335     -0.003986
20060814       0.002989      0.001160
20060815       0.011258      0.013696
20060816       0.014735      0.007662
20060817      -0.013875      0.001582
20060818      -0.000327      0.003715
20060821      -0.000327     -0.003670
20060822       0.011133      0.001002
20060823      -0.022668     -0.004489
20060824      -0.009940      0.002374
20060825      -0.018407     -0.000748
20060828       0.003409      0.005166
20060829       0.000680      0.001920
20060830      -0.006791     -0.000008
20060831      -0.002393     -0.000345
20060901       0.037354      0.005515
20060905       0.005616      0.001709
20060906       0.023982     -0.009891
20060907       0.010266     -0.004799
20060908       0.014608      0.003787
20060911      -0.003443      0.000477
20060912       0.043656      0.010442
20060913       0.003912      0.003777
20060914      -0.011990     -0.001358
20060915      -0.039442      0.002727
20060918      -0.005685      0.000993
20060919      -0.002541     -0.002172
20060920       0.011783      0.005211
20060921      -0.026440     -0.005395
20060922      -0.010023     -0.002466
20060925      -0.000653      0.008815
20060926       0.026471      0.007517
20060927       0.027698      0.000187
20060928       0.024164      0.001915
20060929       0.006050     -0.002464
20061002       0.007216     -0.003391
20061003      -0.002687      0.002096
20061004      -0.002694      0.012075
20061005      -0.005702      0.002222
20061006      -0.062783     -0.002690
20061009       0.015459      0.000800
20061010       0.011735      0.002043
20061011       0.007210     -0.002564
20061012       0.016495      0.009541
20061013       0.010104      0.002047
20061016      -0.013034      0.002512
20061017      -0.003993     -0.003652
20061018      -0.000308      0.001400
20061019       0.019124      0.000732
20061020       0.009080      0.001200
20061023       0.055489      0.006152
20061024       0.028417      0.000261
20061025      -0.040895      0.003514
20061026      -0.010084      0.004963
20061027      -0.012515     -0.008452
20061030       0.017683      0.000428
20061031       0.011295      0.000007
20061101      -0.007732     -0.007352
20061102       0.000289     -0.000344
20061103      -0.012406     -0.002223
20061106       0.013731      0.011346
20061107      -0.002306      0.002218
20061108       0.002311      0.002083
20061109      -0.004611     -0.005333
20061110       0.003764      0.001865
20061113       0.012114      0.002549
20061114       0.011969      0.006356
20061115       0.002535      0.002405
20061116       0.005092      0.002284
20061117      -0.004503      0.001029
20061120      -0.033644     -0.000500
20061121      -0.045933      0.001649
20061122      -0.046611      0.002338
20061124       0.004503     -0.003656
20061127      -0.027858     -0.013598
20061128      -0.012846      0.003488
20061129      -0.015682      0.009202
20061130      -0.009153      0.000822
20061201       0.015737     -0.002799
20061204       0.004042      0.008885
20061205       0.011070      0.004002
20061206      -0.025547     -0.001315
20061207      -0.010896     -0.003971
20061208       0.018244      0.001812
20061211       0.013523      0.002270
20061212      -0.004003     -0.001047
20061213      -0.013731      0.001169
20061214       0.010866      0.008689
20061215      -0.017131      0.001122
20061218       0.001367     -0.003230
20061219      -0.000683      0.002158
20061220       0.010246     -0.001417
20061221      -0.001014     -0.003674
20061222      -0.004399     -0.005316
20061226       0.011897      0.004352
20061227       0.027544      0.007015
20061228       0.000981     -0.001479
20061229       0.003266     -0.004513
20070103      -0.041341     -0.001199
20070104       0.006452      0.001228
20070105       0.020243     -0.006085
20070108       0.011243      0.002220
20070109       0.006213     -0.000517
20070110      -0.005200      0.001940
20070111       0.008167      0.006340
20070112      -0.003565      0.004853
20070116       0.003252      0.000818
20070117       0.000648     -0.000894
20070118      -0.002268     -0.002971
20070119       0.024351      0.002895
20070122       0.025357     -0.005278
20070123      -0.013910      0.003542
20070124       0.026332      0.008501
20070125       0.012217     -0.011270
20070126      -0.006337     -0.001208
20070129      -0.007896     -0.001097
20070130      -0.001530      0.005772
20070131       0.006744      0.006593
20070201       0.005786      0.005354
20070202      -0.001211      0.001694
20070205      -0.008487     -0.000967
20070206       0.022012      0.000698
20070207       0.008077      0.001395
20070208       0.002967     -0.001179
20070209       0.065385     -0.007077
20070212      -0.008331     -0.003261
20070213       0.024643      0.007597
20070214       0.004373      0.007644
20070215      -0.001644      0.001038
20070216      -0.002744     -0.000872
20070220      -0.010732      0.002844
20070221      -0.016134     -0.001404
20070222      -0.020922     -0.000858
20070223      -0.010684     -0.003564
20070226      -0.008465     -0.001254
20070227      -0.053282     -0.034725
20070228      -0.008085      0.005561
20070301      -0.011285     -0.002595
20070302      -0.029169     -0.011403
20070305      -0.005879     -0.009408
20070306       0.022339      0.015494
20070307      -0.011247     -0.002465
20070308       0.009425      0.007127
20070309      -0.002254      0.000685
20070312       0.010649      0.002673
20070313      -0.025862     -0.020368
20070314      -0.008522      0.006691
20070315      -0.028760      0.003684
20070316      -0.007148     -0.003828
20070319      -0.002743      0.010894
20070320       0.008938      0.006334
20070321       0.021124      0.017081
20070322       0.011678     -0.000348
20070323       0.055079      0.001094
20070326       0.008128      0.000968
20070327      -0.002171     -0.006184
20070328      -0.029211     -0.007966
20070329      -0.011204      0.003740
20070330      -0.008093     -0.001174
20070402       0.006201      0.002597
20070403       0.020759      0.009280
20070404      -0.013982      0.001113
20070405       0.028037      0.003050
20070409       0.003135      0.000589
20070410       0.002500      0.002617
20070411      -0.019327     -0.006573
20070412      -0.002861      0.006206
20070413       0.020720      0.003488
20070416       0.017177      0.010751
20070417      -0.013509      0.002050
20070418      -0.013383      0.000693
20070419      -0.010410     -0.001202
20070420       0.009882      0.009261
20070423      -0.031881     -0.002304
20070424       0.003261     -0.000351
20070425       0.009750      0.010139
20070426       0.044416     -0.000782
20070427      -0.027427     -0.000120
20070430      -0.010456     -0.007831
20070501       0.002241      0.002651
20070502       0.036422      0.006472
20070503      -0.053946      0.004325
20070504       0.006191      0.002150
20070507      -0.024611      0.002564
20070508      -0.004648     -0.001166
20070509      -0.002668      0.003223
20070510      -0.022260     -0.013956
20070511       0.016212      0.009641
20070514       0.039375     -0.001793
20070515       0.044089     -0.001304
20070516      -0.007194      0.008626
20070517      -0.004726     -0.000918
20070518      -0.004432      0.006610
20070521      -0.005405      0.001543
20070522       0.002558     -0.000643
20070523       0.002232     -0.001207
20070524      -0.030544     -0.009703
20070525       0.000656      0.005453
20070529      -0.012791      0.001570
20070530      -0.000664      0.007984
20070531      -0.002992      0.000255
20070601       0.017006      0.003737
20070604      -0.004262      0.001849
20070605      -0.007573     -0.005347
20070606      -0.004313     -0.008864
20070607      -0.010996     -0.017570
20070608       0.044474      0.011370
20070611       0.024839      0.000962
20070612      -0.010702     -0.010682
20070613       0.021317      0.015184
20070614       0.046729      0.004816
20070615       0.031548      0.006527
20070618      -0.010387     -0.001213
20070619       0.006414      0.001731
20070620       0.023754     -0.013601
20070621       0.017544      0.006180
20070622      -0.013904     -0.012896
20070625       0.022843     -0.003208
20070626       0.002206     -0.003238
20070627       0.029161      0.009009
20070628       0.019781     -0.000418
20070629      -0.009174     -0.001567
20070702       0.005820      0.010696
20070703      -0.001052      0.003580
20070705      -0.032122      0.000348
20070706      -0.007345      0.003304
20070709       0.007673      0.000921
20070710       0.017405     -0.014185
20070711      -0.015771      0.005721
20070712       0.019555      0.019055
20070713      -0.013586      0.003101
20070716      -0.009722     -0.001919
20070717      -0.014453     -0.000097
20070718      -0.003874     -0.002065
20070719      -0.017222      0.004469
20070720      -0.013002     -0.012221
20070723       0.005727      0.004869
20070724      -0.013383     -0.019804
20070725      -0.026551      0.004666
20070726      -0.045360     -0.023339
20070727      -0.034162     -0.015992
20070730       0.048553      0.010254
20070731      -0.006440     -0.012647
20070801       0.010185      0.007243
20070802       0.020165      0.004359
20070803      -0.040431     -0.026586
20070806       0.012796      0.024151
20070807       0.031741      0.006159
20070808       0.040024      0.014072
20070809       0.000862     -0.029650
20070810      -0.028694      0.000379
20070813       0.018021     -0.000495
20070814      -0.033082     -0.018157
20070815      -0.045918     -0.013908
20070816      -0.024413      0.003249
20070817      -0.007150      0.024567
20070820       0.013748     -0.000270
20070821       0.003552      0.001086
20070822       0.008044      0.011713
20070823      -0.018513     -0.001072
20070824       0.009756      0.011535
20070827      -0.023510     -0.008504
20070828      -0.037599     -0.023473
20070829       0.048321      0.021922
20070830      -0.008500     -0.004181
20070831       0.013518      0.011217
20070904       0.038386      0.010468
20070905      -0.026629     -0.011501
20070906      -0.000644      0.004252
20070907      -0.048309     -0.016908
20070910      -0.011506     -0.001273
20070911       0.045532      0.013632
20070912      -0.009496      0.000048
20070913       0.100496      0.008420
20070914       0.027936      0.000202
20070917       0.029515     -0.005120
20070918       0.015328      0.029208
20070919      -0.022086      0.006086
20070920      -0.014580     -0.006723
20070921       0.013635      0.004609
20070924      -0.005724     -0.005256
20070925      -0.009211     -0.000343
20070926       0.093550      0.005411
20070927      -0.031350      0.003907
20070928       0.006583     -0.003023
20071001      -0.017711      0.013290
20071002       0.027739     -0.000265
20071003       0.011876     -0.004552
20071004      -0.004535      0.002111
20071005       0.023580      0.009560
20071008      -0.002356     -0.003217
20071009       0.005773      0.008096
20071010      -0.005218     -0.001712
20071011       0.048781     -0.005158
20071012       0.066267      0.004754
20071015      -0.035882     -0.008381
20071016      -0.041352     -0.006573
20071017      -0.018523      0.001761
20071018       0.031282     -0.000753
20071019      -0.057408     -0.025616
20071022       0.001064      0.003798
20071023       0.018863      0.008803
20071024       0.008866     -0.002441
20071025      -0.025846     -0.000976
20071026       0.002123      0.013788
20071029       0.005030      0.003713
20071030       0.006849     -0.006463
20071031       0.025379      0.011992
20071101      -0.049502     -0.026423
20071102      -0.006980      0.000802
20071105      -0.026764     -0.004955
20071106       0.004444      0.012049
20071107      -0.061117     -0.029370
20071108      -0.023564     -0.000576
20071109      -0.056410     -0.014287
20071112      -0.015665     -0.009988
20071113       0.026957      0.029093
20071114      -0.005376     -0.007069
20071115      -0.033974     -0.013212
20071116      -0.028865      0.005230
20071119      -0.084728     -0.017460
20071120      -0.018664      0.004486
20071121       0.003804     -0.015927
20071123       0.029178      0.016891
20071126      -0.009573     -0.023239
20071127       0.009294      0.014930
20071128       0.045672      0.028560
20071129       0.013737      0.000477
20071130       0.036484      0.007770
20071203      -0.040898     -0.005887
20071204      -0.032506     -0.006540
20071205       0.015173      0.015190
20071206       0.018149      0.015037
20071207       0.000350     -0.001778
20071210       0.013277      0.007510
20071211      -0.051379     -0.025271
20071212      -0.005453      0.006050
20071213      -0.014985      0.001224
20071214      -0.015955     -0.013746
20071217      -0.004902     -0.015021
20071218       0.020462      0.006280
20071219      -0.010026     -0.001361
20071220      -0.006752      0.004900
20071221       0.006042      0.016670
20071224      -0.003754      0.008077
20071226      -0.000754      0.000809
20071227      -0.017345     -0.014216
20071228      -0.029163      0.001436
20071231      -0.016206     -0.006852
20080102      -0.019285     -0.014438
20080103      -0.020074      0.000000
20080104      -0.011288     -0.024552
20080107       0.000423      0.003223
20080108      -0.015216     -0.018352
20080109      -0.022318      0.013624
20080110       0.039508      0.007948
20080111      -0.007601     -0.013595
20080114       0.008085      0.010871
20080115      -0.059519     -0.024925
20080116       0.025583     -0.005612
20080117      -0.000438     -0.029093
20080118       0.029772     -0.006045
20080122       0.005527     -0.011085
20080123       0.086681      0.021442
20080124      -0.003113      0.010063
20080125       0.006635     -0.015872
20080128       0.028693      0.017556
20080129       0.025631      0.006152
20080130       0.009188     -0.004764
20080131       0.027312      0.016772
20080201       0.027295      0.012238
20080204      -0.048654     -0.010463
20080205      -0.039898     -0.031995
20080206      -0.028712     -0.007624
20080207       0.022948      0.007886
20080208      -0.019011     -0.004204
20080211       0.051163      0.005889
20080212      -0.019174      0.007266
20080213       0.004135      0.013604
20080214      -0.024187     -0.013421
20080215       0.012006      0.000838
20080219      -0.004975     -0.000896
20080220      -0.017692      0.008341
20080221      -0.048551     -0.012867
20080222      -0.009053      0.007881
20080225       0.004983      0.013813
20080226       0.015702      0.006918
20080227       0.009764     -0.000919
20080228      -0.012893     -0.008942
20080229      -0.049796     -0.027090
20080303      -0.003436      0.000534
20080304      -0.005603     -0.003448
20080305      -0.004335      0.005238
20080306      -0.026992     -0.022014
20080307      -0.017450     -0.008410
20080310      -0.048725     -0.015463
20080311       0.042125      0.037130
20080312      -0.038585     -0.008996
20080313      -0.029623      0.005127
20080314      -0.053668     -0.020783
20080317      -0.072320     -0.008959
20080318       0.088615      0.042410
20080319      -0.019577     -0.024287
20080320       0.024693      0.023944
20080324       0.045133      0.015321
20080325      -0.001472      0.002304
20080326      -0.042752     -0.008766
20080327      -0.011294     -0.011460
20080328      -0.030633     -0.007950
20080331       0.020353      0.005687
20080401       0.057743      0.035896
20080402       0.040695     -0.001934
20080403       0.029566      0.001302
20080404      -0.046781      0.000796
20080407       0.020894      0.001562
20080408      -0.001428     -0.005100
20080409      -0.040515     -0.008092
20080410       0.001987      0.004474
20080411      -0.027268     -0.020374
20080414      -0.031600     -0.003384
20080415       0.006316      0.004600
20080416       0.040795      0.022691
20080417      -0.005528      0.000623
20080418       0.017180      0.018139
20080421       0.056632     -0.001554
20080422      -0.035731     -0.008810
20080423       0.020965      0.002900
20080424       0.055874      0.006442
20080425      -0.033017      0.006495
20080428       0.026193     -0.001052
20080429      -0.033728     -0.003889
20080430       0.094340     -0.003846
20080501      -0.000431      0.017141
20080502       0.000431      0.003236
20080505      -0.036207     -0.004534
20080506      -0.000894      0.007652
20080507      -0.042077     -0.018114
20080508      -0.011682      0.003669
20080509      -0.040662     -0.006725
20080512       0.023164      0.011021
20080513      -0.026975     -0.000385
20080514       0.011881      0.004006
20080515       0.051511      0.010585
20080516      -0.025907      0.001250
20080519       0.009188      0.000898
20080520      -0.048395     -0.009274
20080521      -0.037261     -0.016053
20080522      -0.036088      0.002617
20080523      -0.045035     -0.013210
20080527      -0.010227      0.006846
20080528      -0.015499      0.003963
20080529       0.013411      0.005335
20080530      -0.016110      0.001516
20080602       0.019883     -0.010504
20080603       0.008027     -0.005788
20080604      -0.032423     -0.000327
20080605       0.002351      0.019496
20080606      -0.048680     -0.030889
20080609       0.016030      0.000794
20080610       0.020024     -0.002438
20080611      -0.041047     -0.016894
20080612      -0.022333      0.003280
20080613       0.043782      0.015046
20080616      -0.013374      0.000081
20080617      -0.025262     -0.006771
20080618      -0.058786     -0.009712
20080619      -0.006716      0.003752
20080620      -0.067613     -0.018543
20080623      -0.063814      0.000053
20080624       0.021689     -0.002815
20080625      -0.028810      0.005843
20080626      -0.107728     -0.029365
20080627       0.010499     -0.003717
20080630      -0.004329      0.001267
20080701       0.021739      0.003836
20080702      -0.150638     -0.018204
20080703       0.014028      0.001094
20080707       0.011858     -0.008385
20080708       0.052734      0.017080
20080709      -0.041744     -0.022776
20080710      -0.061956      0.006990
20080711       0.023736     -0.011090
20080714      -0.054435     -0.009028
20080715       0.049041     -0.010901
20080716       0.166667      0.025064
20080717       0.119338      0.012013
20080718       0.025681      0.000286
20080721      -0.006829     -0.000539
20080722       0.093965      0.013492
20080723       0.020950      0.004064
20080724      -0.110807     -0.023125
20080725      -0.084615      0.004168
20080728      -0.075630     -0.018597
20080729       0.081818      0.023356
20080730      -0.042017      0.016672
20080731      -0.028947     -0.013144
20080801      -0.075881     -0.005578
20080804      -0.012708     -0.008966
20080805       0.058416      0.028719
20080806      -0.041160      0.003354
20080807      -0.048780     -0.017934
20080808       0.028718      0.023893
20080811       0.072782      0.006943
20080812       0.031599     -0.012051
20080813      -0.075676     -0.002916
20080814       0.106238      0.005522
20080815      -0.014978      0.004076
20080818      -0.073345     -0.015098
20080819      -0.039575     -0.009315
20080820       0.021106      0.006197
20080821      -0.023622      0.002495
20080822       0.052419      0.011333
20080825      -0.029693     -0.019625
20080826      -0.008885      0.003686
20080827       0.015936      0.007983
20080828       0.013726      0.014840
20080829      -0.032882     -0.013724
20080902       0.065000     -0.004093
20080903       0.058216     -0.002035
20080904      -0.052351     -0.029922
20080905       0.002809      0.004431
20080908       0.011204      0.020510
20080909      -0.006463     -0.034138
20080910       0.061338      0.006149
20080911       0.116462      0.013806
20080912       0.020392      0.002122
20080915      -0.120676     -0.047136
20080916      -0.052448      0.017515
20080917      -0.083948     -0.047133
20080918       0.148036      0.043342
20080919       0.147368      0.040257
20080922      -0.114679     -0.038237
20080923      -0.074266     -0.015633
20080924      -0.034515     -0.001978
20080925      -0.030918      0.019656
20080926      -0.026919      0.003167
20080929      -0.128074     -0.087897
20080930       0.110458      0.054203
20081001       0.000000     -0.004544
20081002      -0.044444     -0.040291
20081003      -0.003322     -0.013506
20081006      -0.057778     -0.038518
20081007      -0.108491     -0.057395
20081008      -0.085979     -0.011333
20081009      -0.311143     -0.076167
20081010       0.027311     -0.011759
20081013       0.331288      0.115800
20081014       0.004608     -0.005322
20081015      -0.048930     -0.090350
20081016       0.028939      0.042507
20081017       0.004687     -0.006213
20081020       0.015552      0.047685
20081021       0.001531     -0.030800
20081022      -0.053517     -0.061013
20081023      -0.014540      0.012634
20081024      -0.024590     -0.034511
20081027      -0.084034     -0.031764
20081028       0.146789      0.107890
20081029       0.081600     -0.011079
20081030      -0.102071      0.025804
20081031      -0.046129      0.015365
20081103      -0.024180     -0.002529
20081104       0.012389      0.040826
20081105      -0.027972     -0.052677
20081106      -0.136691     -0.050264
20081107      -0.091667      0.028855
20081110      -0.229358     -0.012653
20081111      -0.130952     -0.022041
20081112       0.054794     -0.051894
20081113      -0.042208      0.069213
20081114       0.020339     -0.041699
20081117       0.056478     -0.025810
20081118      -0.028302      0.009838
20081119      -0.097087     -0.061156
20081120       0.032258     -0.067123
20081121       0.062500      0.063248
20081124       0.173203      0.064723
20081125      -0.008357      0.006551
20081126       0.351124      0.035328
20081128       0.089397      0.009643
20081201      -0.124046     -0.089295
20081202       0.056645      0.039941
20081203       0.010309      0.025836
20081204      -0.161224     -0.029308
20081205      -0.007299      0.036499
20081208       0.208333      0.038387
20081209      -0.046653     -0.023118
20081210      -0.021277      0.011894
20081211      -0.104348     -0.028524
20081212      -0.043689      0.007028
20081215       0.035533     -0.012686
20081216       0.041667      0.051360
20081217       0.028235     -0.009593
20081218      -0.162471     -0.021163
20081219       0.226776      0.002937
20081222      -0.216036     -0.018302
20081223      -0.147727     -0.009717
20081224       0.083333      0.005781
20081226       0.126154      0.005356
20081229      -0.016393     -0.003873
20081230       0.055556      0.024407
20081231      -0.157895      0.014158
