date             rtn
19980102      -0.012334
19980105      -0.000961
19980106      -0.015385
19980107       0.009766
19980108       0.011605
19980109      -0.011472
19980112       0.020309
19980113       0.006635
19980114       0.001883
19980115      -0.012218
19980116       0.031399
19980120       0.023063
19980121      -0.017133
19980122      -0.012844
19980123      -0.005576
19980126       0.004673
19980127       0.003721
19980128      -0.008341
19980129       0.000000
19980130       0.000935
19980202       0.028011
19980203       0.009991
19980204      -0.010791
19980205       0.001818
19980206       0.012704
19980209      -0.012545
19980210       0.012704
19980211      -0.008065
19980212       0.008600
19980213      -0.007188
19980217       0.006335
19980218       0.014388
19980219       0.000887
19980220      -0.007086
19980223       0.027654
19980224       0.015625
19980225       0.015385
19980226       0.001684
19980227       0.013445
19980302      -0.008292
19980303      -0.003344
19980304      -0.015940
19980305      -0.014493
19980306       0.022491
19980309       0.004230
19980310       0.010952
19980311       0.012500
19980312       0.000823
19980313      -0.011513
19980316      -0.003328
19980317       0.002504
19980318      -0.003331
19980319      -0.004177
19980320       0.016779
19980323      -0.020627
19980324      -0.004212
19980325      -0.009306
19980326      -0.006832
19980327      -0.016337
19980330       0.002622
19980331       0.024412
19980401      -0.000851
19980402       0.039182
19980403       0.009836
19980406      -0.010552
19980407      -0.012305
19980408      -0.020764
19980409       0.010178
19980413      -0.009236
19980414      -0.016102
19980415      -0.013781
19980416      -0.021834
19980417       0.036607
19980420      -0.016365
19980421      -0.008757
19980422       0.008834
19980423      -0.007005
19980424      -0.003527
19980427      -0.017699
19980428      -0.005405
19980429       0.002717
19980430       0.033424
19980501      -0.018357
19980504       0.008014
19980505      -0.005300
19980506      -0.015098
19980507       0.003607
19980508       0.022462
19980511      -0.014060
19980512       0.010695
19980513       0.022046
19980514      -0.003451
19980515      -0.021645
19980518       0.008881
19980519      -0.004401
19980520       0.007073
19980521      -0.003512
19980522      -0.006167
19980526      -0.008865
19980527      -0.006261
19980528       0.008101
19980529      -0.013393
19980601      -0.001810
19980602      -0.007253
19980603      -0.010046
19980604       0.023985
19980605       0.030631
19980608      -0.010490
19980609       0.018551
19980610       0.010408
19980611       0.000858
19980612       0.001715
19980615      -0.022260
19980616       0.022767
19980617       0.017123
19980618       0.008418
19980619       0.010017
19980622      -0.011570
19980623       0.021739
19980624       0.018003
19980625      -0.010450
19980626       0.000000
19980629       0.000812
19980630      -0.038961
19980701      -0.010135
19980702       0.005973
19980706      -0.017812
19980707       0.030225
19980708      -0.020117
19980709      -0.008554
19980710      -0.007765
19980713      -0.000870
19980714       0.033943
19980715       0.021886
19980716       0.019769
19980717       0.002423
19980720      -0.005641
19980721      -0.011345
19980722       0.018033
19980723      -0.033816
19980724       0.020833
19980727       0.005714
19980728       0.002435
19980729       0.016194
19980730       0.011952
19980731      -0.026772
19980803      -0.021036
19980804      -0.028099
19980805       0.019558
19980806       0.007506
19980807       0.005795
19980810      -0.020576
19980811      -0.005042
19980812       0.014358
19980813       0.009159
19980814      -0.006601
19980817       0.019167
19980818      -0.003271
19980819      -0.003281
19980820      -0.005761
19980821       0.008278
19980824       0.005747
19980825      -0.007347
19980826       0.011513
19980827      -0.038211
19980828       0.003381
19980831      -0.069924
19980901       0.048913
19980902       0.004318
19980903       0.030095
19980904       0.016694
19980908       0.036946
19980909      -0.029295
19980910      -0.013051
19980911       0.009917
19980914       0.034370
19980915      -0.011867
19980916      -0.015212
19980917      -0.008130
19980918       0.006557
19980921       0.033388
19980922      -0.013396
19980923       0.015176
19980924      -0.008655
19980925      -0.011905
19980928       0.028112
19980929      -0.008594
19980930      -0.013396
19981001      -0.023962
19981002       0.009820
19981005       0.029984
19981006       0.001574
19981007      -0.028280
19981008      -0.019402
19981009       0.002473
19981012       0.005757
19981013       0.017171
19981014       0.027331
19981015       0.034429
19981016       0.006051
19981019      -0.003759
19981020      -0.018868
19981021      -0.005385
19981022       0.028616
19981023       0.007519
19981026      -0.020896
19981027      -0.005335
19981028      -0.009195
19981029       0.019335
19981030      -0.010622
19981102       0.000767
19981103       0.007663
19981104      -0.003802
19981105      -0.002290
19981106       0.003060
19981109       0.003051
19981110       0.013688
19981111      -0.001500
19981112       0.015026
19981113       0.005181
19981116       0.007386
19981117      -0.004399
19981118       0.012518
19981119       0.008000
19981120       0.027417
19981123      -0.011236
19981124      -0.031250
19981125      -0.028592
19981127      -0.006792
19981130      -0.012158
19981201      -0.003077
19981202      -0.006173
19981203      -0.011646
19981204       0.027494
19981207      -0.001529
19981208      -0.025268
19981209       0.003928
19981210      -0.007825
19981211       0.007098
19981214      -0.011746
19981215       0.023772
19981216      -0.007740
19981217      -0.001560
19981218      -0.006250
19981221      -0.033019
19981222       0.001626
19981223       0.023539
19981224       0.007137
19981228       0.014961
19981229       0.039566
19981230       0.002985
19981231      -0.001488
19990104      -0.014158
19990105       0.003779
19990106       0.012048
19990107      -0.009673
19990108       0.000751
19990111      -0.036787
19990112      -0.004677
19990113      -0.014096
19990114      -0.007943
19990115       0.024820
19990119       0.005469
19990120       0.006993
19990121      -0.012346
19990122      -0.018750
19990125       0.003185
19990126       0.047619
19990127       0.013636
19990128       0.013453
19990129       0.004425
19990201      -0.016887
19990202      -0.008962
19990203       0.017332
19990204      -0.005926
19990205       0.001490
19990208       0.000000
19990209      -0.015625
19990210       0.013605
19990211       0.012677
19990212       0.000000
19990216       0.023634
19990217      -0.010101
19990218       0.006560
19990219       0.003621
19990222       0.015152
19990223      -0.006397
19990224      -0.018598
19990225      -0.015306
19990226       0.011103
19990301       0.000732
19990302      -0.004389
19990303      -0.004409
19990304       0.026568
19990305       0.023724
19990308       0.000702
19990309      -0.016140
19990310      -0.001427
19990311       0.015000
19990312      -0.002815
19990315       0.026817
19990316      -0.007560
19990317      -0.003463
19990318      -0.001390
19990319       0.013918
19990322       0.006177
19990323      -0.015007
19990324       0.004848
19990325       0.014473
19990326      -0.007473
19990329       0.028747
19990330      -0.009315
19990331       0.004701
19990401       0.006684
19990405       0.007968
19990406      -0.006588
19990407       0.006631
19990408       0.025033
19990409       0.007712
19990412       0.016582
19990413      -0.010038
19990414      -0.039924
19990415      -0.026403
19990416       0.010169
19990419      -0.030872
19990420       0.066482
19990421       0.046753
19990422       0.017370
19990423      -0.007317
19990426      -0.015356
19990427       0.017467
19990428      -0.023912
19990429      -0.008166
19990430      -0.012033
19990503       0.002564
19990504      -0.028133
19990505      -0.010526
19990506       0.038564
19990507      -0.015365
19990510      -0.028609
19990511      -0.006024
19990512       0.020202
19990513       0.005941
19990514      -0.021995
19990517      -0.012113
19990518      -0.014986
19990519       0.033195
19990520       0.017403
19990521      -0.026316
19990524      -0.021622
19990525      -0.029696
19990526       0.024911
19990527       0.002778
19990528       0.026316
19990601       0.000000
19990602      -0.010121
19990603       0.021813
19990604       0.032021
19990607      -0.007757
19990608      -0.033225
19990609      -0.010108
19990610      -0.025187
19990611       0.015363
19990614      -0.002751
19990615       0.000690
19990616       0.002068
19990617       0.011692
19990618      -0.012916
19990621      -0.007576
19990622       0.008328
19990623      -0.003441
19990624       0.011740
19990625      -0.010239
19990628       0.002759
19990629       0.034388
19990630       0.042553
19990701      -0.005740
19990702       0.000000
19990706      -0.005773
19990707       0.010323
19990708      -0.022350
19990709       0.003919
19990712       0.014314
19990713      -0.007056
19990714      -0.006460
19990715       0.006502
19990716       0.007752
19990719      -0.016026
19990720       0.005212
19990721       0.010369
19990722       0.009622
19990723      -0.005718
19990726      -0.005751
19990727      -0.005141
19990728      -0.010336
19990729      -0.026110
19990730      -0.023458
19990802       0.009609
19990803       0.024473
19990804      -0.023225
19990805      -0.012908
19990806       0.012388
19990809       0.012237
19990810      -0.008731
19990811       0.002710
19990812       0.024324
19990813       0.030000
19990816       0.002569
19990817       0.007687
19990818      -0.021615
19990819      -0.003899
19990820       0.032616
19990823       0.024005
19990824       0.018507
19990825       0.024833
19990826      -0.012411
19990827      -0.021544
19990830       0.001835
19990831      -0.001221
19990901      -0.007335
19990902      -0.014778
19990903       0.013750
19990907       0.004316
19990908      -0.012891
19990909       0.003109
19990910      -0.013019
19990913      -0.001884
19990914      -0.013845
19990915      -0.007658
19990916      -0.014791
19990917       0.003264
19990920       0.004554
19990921      -0.025907
19990922      -0.007979
19990923      -0.022788
19990924      -0.012346
19990927       0.022222
19990928      -0.005435
19990929       0.002049
19990930       0.002045
19991001       0.023129
19991004       0.005319
19991005      -0.003307
19991006       0.005972
19991007      -0.005277
19991008       0.047745
19991011      -0.003797
19991012      -0.016518
19991013      -0.014858
19991014      -0.007213
19991015      -0.013871
19991018       0.012726
19991019       0.055556
19991020       0.027569
19991021       0.022561
19991022      -0.000596
19991025       0.004773
19991026       0.000594
19991027      -0.009496
19991028      -0.002996
19991029       0.007212
19991101       0.002983
19991102      -0.024390
19991103       0.017073
19991104       0.010192
19991105       0.001780
19991108      -0.010071
19991109      -0.007780
19991110      -0.006031
19991111       0.007888
19991112       0.002095
19991115      -0.002410
19991116       0.025362
19991117      -0.004711
19991118      -0.011834
19991119       0.007784
19991122       0.001188
19991123      -0.012463
19991124       0.007212
19991126      -0.014916
19991129       0.018171
19991130      -0.012493
19991201      -0.012048
19991202      -0.025000
19991203      -0.033146
19991206       0.000647
19991207      -0.034260
19991208      -0.029618
19991209       0.029143
19991210       0.012064
19991213      -0.024503
19991214       0.023082
19991215       0.008626
19991216      -0.003947
19991217       0.002642
19991220      -0.031621
19991221      -0.009524
19991222       0.006181
19991223       0.043686
19991227       0.022891
19991228      -0.018542
19991229      -0.030619
19991230       0.005376
19991231      -0.002674
20000103      -0.011394
20000104      -0.036610
20000105       0.010556
20000106       0.035515
20000107       0.038332
20000110      -0.025259
20000111       0.003322
20000112      -0.009272
20000113      -0.001337
20000114       0.003347
20000118      -0.025350
20000119       0.003422
20000120      -0.010914
20000121      -0.008276
20000124      -0.068846
20000125       0.018671
20000126      -0.020528
20000127      -0.035928
20000128       0.049689
20000131       0.018491
20000201      -0.014524
20000202       0.006632
20000203      -0.024158
20000204      -0.014254
20000207      -0.008371
20000208       0.007675
20000209      -0.025133
20000210      -0.025000
20000211      -0.003622
20000214       0.002421
20000215       0.026570
20000216       0.001569
20000217      -0.007831
20000218      -0.022099
20000222       0.015335
20000223      -0.031797
20000224      -0.031199
20000225      -0.034746
20000228       0.021949
20000229      -0.010309
20000301       0.019097
20000302       0.004259
20000303      -0.002545
20000306      -0.040816
20000307      -0.044326
20000308       0.053803
20000309       0.023768
20000310      -0.024936
20000313      -0.012346
20000314       0.039286
20000315       0.057560
20000316       0.037368
20000317      -0.003132
20000320      -0.003142
20000321       0.011820
20000322       0.021028
20000323      -0.023646
20000324      -0.109375
20000327      -0.021053
20000328       0.032258
20000329      -0.013021
20000330      -0.004398
20000331      -0.007067
20000403       0.028470
20000404       0.058824
20000405       0.013072
20000406      -0.033871
20000407      -0.010851
20000410       0.026160
20000411       0.029605
20000412      -0.015974
20000413      -0.009740
20000414      -0.038525
20000417       0.060529
20000418       0.048232
20000419       0.009202
20000420      -0.007599
20000424       0.027565
20000425       0.005216
20000426      -0.018532
20000427       0.003021
20000428      -0.006024
20000501       0.002273
20000502       0.018141
20000503      -0.011136
20000504      -0.002252
20000505       0.011287
20000508       0.044643
20000509      -0.008547
20000510      -0.016523
20000511       0.005844
20000512      -0.006536
20000515       0.008772
20000516       0.012319
20000517      -0.002863
20000518       0.016511
20000519       0.006441
20000522      -0.021127
20000523       0.001439
20000524       0.033764
20000525      -0.006949
20000526      -0.013296
20000530       0.009220
20000531       0.006325
20000601      -0.020251
20000602      -0.036351
20000605      -0.005917
20000606       0.001488
20000607      -0.005201
20000608       0.014190
20000609       0.014728
20000612      -0.015239
20000613       0.039794
20000614       0.019135
20000615       0.008345
20000616      -0.011724
20000619       0.006978
20000620      -0.018018
20000621       0.014820
20000622      -0.014604
20000623       0.013409
20000626       0.064067
20000627       0.025524
20000628       0.000638
20000629       0.005740
20000630       0.033608
20000703      -0.007975
20000705      -0.002474
20000706      -0.011159
20000707       0.003762
20000710       0.001249
20000711       0.000000
20000712      -0.021210
20000713      -0.029318
20000714      -0.035456
20000717       0.027910
20000718       0.005298
20000719      -0.017787
20000720      -0.014085
20000721       0.004082
20000724       0.023713
20000725      -0.009927
20000726      -0.034759
20000727       0.018006
20000728       0.019728
20000731      -0.006671
20000801       0.019476
20000802       0.017128
20000803       0.007772
20000804      -0.007069
20000807       0.003236
20000808      -0.001935
20000809      -0.019392
20000810       0.027686
20000811       0.004490
20000814      -0.006386
20000815      -0.011568
20000816       0.018205
20000817      -0.008940
20000818      -0.002500
20000821       0.005833
20000822       0.007732
20000823      -0.008312
20000824      -0.007092
20000825      -0.008442
20000828      -0.007204
20000829      -0.018470
20000830      -0.005376
20000831      -0.006081
20000901       0.007478
20000905       0.006748
20000906       0.000000
20000907       0.002011
20000908       0.010702
20000911       0.005956
20000912       0.017105
20000913       0.010349
20000914      -0.017286
20000915      -0.009121
20000918      -0.030901
20000919      -0.003392
20000920      -0.008169
20000921       0.034317
20000922       0.019244
20000925      -0.001302
20000926      -0.014993
20000927       0.007280
20000928      -0.019711
20000929       0.007373
20001002      -0.007984
20001003      -0.007378
20001004      -0.023649
20001005       0.030450
20001006      -0.008059
20001009      -0.010833
20001010       0.036277
20001011       0.014531
20001012       0.010417
20001013      -0.012242
20001016       0.011742
20001017       0.001289
20001018      -0.028976
20001019      -0.026525
20001020       0.001362
20001023      -0.003401
20001024       0.001365
20001025       0.024540
20001026      -0.008649
20001027      -0.004027
20001030       0.017520
20001031      -0.023841
20001101      -0.012212
20001102      -0.012363
20001103       0.020167
20001106       0.004090
20001107       0.000679
20001108       0.014247
20001109       0.001338
20001110       0.009352
20001113      -0.014560
20001114       0.016790
20001115       0.003963
20001116      -0.008553
20001117       0.013351
20001120       0.011170
20001121       0.016244
20001122      -0.012788
20001124      -0.014896
20001127       0.024326
20001128       0.028241
20001129       0.001248
20001130      -0.002494
20001201      -0.022500
20001204       0.018542
20001205      -0.000628
20001206      -0.033920
20001207       0.009753
20001208      -0.007083
20001211      -0.007782
20001212       0.014379
20001213       0.017397
20001214       0.005700
20001215      -0.006927
20001218       0.000000
20001219       0.006341
20001220       0.014493
20001221       0.003727
20001222       0.004950
20001226       0.008621
20001227       0.006105
20001228       0.016990
20001229       0.002983
20010102      -0.029149
20010103      -0.031863
20010104      -0.021519
20010105       0.012937
20010108      -0.001277
20010109       0.007033
20010110      -0.026032
20010111      -0.035854
20010112       0.022989
20010116      -0.003966
20010117      -0.026543
20010118       0.025222
20010119       0.001330
20010122       0.001992
20010123      -0.017230
20010124      -0.022927
20010125       0.013112
20010126       0.002044
20010129      -0.003671
20010130       0.000000
20010131       0.016703
20010201       0.007946
20010202       0.013103
20010205      -0.012303
20010206      -0.005430
20010207       0.015842
20010208      -0.002845
20010209       0.003699
20010212       0.032849
20010213      -0.012232
20010214      -0.012900
20010215      -0.011814
20010216       0.003503
20010220       0.015868
20010221       0.009164
20010222      -0.004024
20010223      -0.010671
20010226       0.002723
20010227       0.002089
20010228       0.014383
20010301       0.017980
20010302       0.000706
20010305      -0.006757
20010306      -0.017059
20010307      -0.020661
20010308       0.032384
20010309      -0.011955
20010312      -0.018097
20010313      -0.008425
20010314      -0.009559
20010315       0.001072
20010316      -0.014569
20010319      -0.000435
20010320      -0.012507
20010321      -0.039317
20010322       0.006534
20010323       0.004670
20010326      -0.032083
20010327      -0.024947
20010328       0.036396
20010329       0.024339
20010330      -0.010296
20010402      -0.001715
20010403      -0.013857
20010404       0.009290
20010405       0.022667
20010406       0.016989
20010409       0.009404
20010410       0.008658
20010411      -0.012931
20010412       0.001211
20010416       0.018142
20010417       0.019978
20010418      -0.005294
20010419      -0.011708
20010420      -0.007970
20010423      -0.002280
20010424       0.006638
20010425       0.016106
20010426       0.016489
20010427      -0.001779
20010430       0.011533
20010501       0.003317
20010502       0.007231
20010503      -0.007590
20010504       0.010335
20010507       0.003478
20010508      -0.001529
20010509       0.003063
20010510      -0.010280
20010511       0.000206
20010514       0.005449
20010515      -0.007260
20010516       0.027709
20010517       0.009121
20010518       0.006754
20010521      -0.003663
20010522      -0.016198
20010523      -0.012828
20010524      -0.002865
20010525      -0.002052
20010529       0.001954
20010530      -0.003489
20010531      -0.001545
20010601       0.010830
20010604       0.021837
20010605       0.020471
20010606       0.008905
20010607      -0.000388
20010608      -0.010188
20010611      -0.006274
20010612       0.004242
20010613      -0.003733
20010614       0.003944
20010615       0.022196
20010618      -0.000192
20010619       0.024025
20010620       0.006194
20010621      -0.011005
20010622      -0.011882
20010625      -0.015079
20010626      -0.009496
20010627      -0.008022
20010628       0.029586
20010629      -0.042146
20010702       0.023800
20010703      -0.002930
20010705      -0.002547
20010706      -0.009821
20010709       0.033922
20010710       0.007291
20010711       0.018857
20010712      -0.012152
20010713       0.003974
20010716       0.012818
20010717       0.021962
20010718      -0.009288
20010719      -0.003676
20010720       0.005351
20010723      -0.016333
20010724      -0.016604
20010725      -0.000190
20010726       0.009298
20010727      -0.003384
20010730      -0.001698
20010731       0.022298
20010801      -0.005545
20010802      -0.011338
20010803       0.007332
20010806      -0.004106
20010807       0.011619
20010808      -0.005002
20010809       0.002793
20010810       0.021537
20010813       0.012359
20010814       0.023160
20010815       0.000175
20010816      -0.037018
20010817      -0.017490
20010820       0.020465
20010821      -0.010027
20010822       0.008840
20010823      -0.002556
20010824      -0.000732
20010827      -0.004579
20010828      -0.008832
20010829      -0.010952
20010830      -0.003566
20010831      -0.007158
20010904       0.065263
20010905       0.001603
20010906       0.012447
20010907      -0.021250
20010910      -0.001974
20010917       0.003596
20010918      -0.023647
20010919      -0.017615
20010920      -0.022226
20010921      -0.002101
20010924       0.003254
20010925       0.010113
20010926       0.022478
20010927       0.006466
20010928       0.016887
20011001       0.000361
20011002      -0.007759
20011003      -0.013093
20011004       0.003317
20011005       0.019100
20011008       0.005046
20011009      -0.005917
20011010       0.010823
20011011      -0.019629
20011012       0.007463
20011015       0.006685
20011016       0.018844
20011017       0.017615
20011018       0.005366
20011019       0.005854
20011022       0.009415
20011023      -0.002035
20011024       0.006967
20011025      -0.004894
20011026      -0.005087
20011029      -0.001875
20011030      -0.012124
20011031       0.001037
20011101       0.016577
20011102       0.001869
20011105      -0.008477
20011106       0.008892
20011107      -0.004237
20011108       0.004255
20011109       0.009492
20011112      -0.009067
20011113       0.010674
20011114       0.007041
20011115      -0.001165
20011116       0.001667
20011119      -0.000334
20011120       0.014691
20011121       0.001152
20011123       0.001972
20011126      -0.007709
20011127      -0.008099
20011128      -0.000333
20011129      -0.025171
20011130      -0.003933
20011203       0.001030
20011204      -0.018522
20011205      -0.011008
20011206      -0.016431
20011207       0.017604
20011210      -0.019947
20011211       0.011167
20011212      -0.001603
20011213       0.003211
20011214       0.001245
20011217       0.002664
20011218       0.006023
20011219       0.016024
20011220       0.010572
20011221       0.024010
20011224      -0.004187
20011226       0.003532
20011227       0.005866
20011228      -0.002666
20011231      -0.012696
20020102      -0.006768
20020103      -0.000341
20020104      -0.009202
20020107      -0.004644
20020108      -0.006566
20020109      -0.010089
20020110       0.024073
20020111      -0.000858
20020114       0.011850
20020115       0.004243
20020116       0.006929
20020117       0.004196
20020118      -0.002173
20020122      -0.009715
20020123      -0.005751
20020124      -0.012589
20020125      -0.006719
20020128       0.002775
20020129      -0.010898
20020130       0.000350
20020131       0.005420
20020201       0.001565
20020204      -0.022396
20020205      -0.014385
20020206       0.006847
20020207       0.010916
20020208       0.006904
20020211       0.002989
20020212       0.004382
20020213       0.013787
20020214      -0.010501
20020215      -0.001047
20020219      -0.005591
20020220       0.021082
20020221      -0.002065
20020222       0.024138
20020225       0.005050
20020226       0.005193
20020227       0.003666
20020228       0.011124
20020301       0.019704
20020304      -0.002899
20020305      -0.009851
20020306       0.019736
20020307       0.017594
20020308       0.000629
20020311       0.002356
20020312      -0.002507
20020313       0.003928
20020314       0.007512
20020315       0.003417
20020318       0.000929
20020319       0.012836
20020320      -0.015270
20020321       0.004807
20020322       0.000772
20020325      -0.007710
20020326       0.005594
20020327       0.006645
20020328      -0.002917
20020401      -0.005235
20020402      -0.002476
20020403      -0.006672
20020404      -0.008435
20020405      -0.006774
20020408       0.005234
20020409      -0.005996
20020410       0.006984
20020411      -0.011665
20020412      -0.000479
20020415      -0.008138
20020416       0.017696
20020417      -0.011698
20020418       0.028311
20020419       0.003111
20020422      -0.017832
20020423      -0.008525
20020424       0.012898
20020425      -0.003301
20020426       0.003312
20020429      -0.011005
20020430       0.015101
20020501       0.001409
20020502       0.003909
20020503      -0.011994
20020506      -0.020968
20020507      -0.027053
20020508       0.007944
20020509       0.007718
20020510       0.007821
20020513      -0.000162
20020514      -0.012937
20020515      -0.013106
20020516       0.005146
20020517       0.018580
20020520      -0.016593
20020521       0.003143
20020522       0.022427
20020523      -0.004032
20020524      -0.005668
20020528      -0.003095
20020529       0.002451
20020530       0.000163
20020531      -0.000326
20020603      -0.021190
20020604      -0.010824
20020605       0.003535
20020606      -0.014427
20020607      -0.007489
20020610       0.011833
20020611      -0.025593
20020612      -0.004349
20020613       0.002970
20020614      -0.010277
20020617       0.011088
20020618      -0.017232
20020619      -0.001594
20020620      -0.023594
20020621      -0.037064
20020624       0.021321
20020625      -0.014595
20020626       0.014998
20020627       0.004987
20020628      -0.039515
20020701      -0.033678
20020702       0.021980
20020703       0.025964
20020705       0.030973
20020708      -0.018502
20020709      -0.017917
20020710      -0.044090
20020711       0.013519
20020712      -0.009415
20020715      -0.029703
20020716       0.022449
20020717       0.022755
20020718      -0.029469
20020719      -0.158456
20020722       0.016249
20020723       0.036445
20020724       0.082123
20020725       0.020964
20020726       0.018686
20020729       0.033259
20020730      -0.006243
20020731       0.040440
20020801      -0.029811
20020802       0.016142
20020805      -0.041148
20020806       0.019561
20020807       0.027995
20020808       0.039231
20020809      -0.001100
20020812       0.001284
20020813      -0.022169
20020814       0.039910
20020815       0.008468
20020816      -0.007951
20020819       0.010484
20020820      -0.017889
20020821      -0.000182
20020822       0.023866
20020823      -0.024555
20020826       0.016235
20020827      -0.017232
20020828      -0.007123
20020829      -0.003679
20020830       0.002770
20020903      -0.030013
20020904       0.031511
20020905       0.001472
20020906       0.009188
20020909       0.005098
20020910       0.003442
20020911       0.001625
20020912      -0.027217
20020913       0.003150
20020916       0.014038
20020917      -0.023862
20020918       0.004852
20020919      -0.035097
20020920       0.006543
20020923       0.010516
20020924       0.014380
20020925       0.000746
20020926       0.035228
20020927      -0.007922
20020930      -0.018512
20021001       0.041050
20021002       0.035524
20021003      -0.005489
20021004      -0.017765
20021007      -0.004390
20021008       0.031570
20021009      -0.039152
20021010       0.010676
20021011      -0.001761
20021014       0.019929
20021015       0.029915
20021016      -0.011081
20021017       0.022071
20021018      -0.014120
20021021       0.029655
20021022      -0.021109
20021023      -0.031260
20021024      -0.004142
20021025       0.000866
20021028      -0.008483
20021029      -0.017810
20021030       0.018667
20021031       0.025305
20021101      -0.002723
20021104       0.002048
20021105       0.020099
20021106       0.006345
20021107      -0.006305
20021108       0.006345
20021111      -0.004480
20021112       0.000333
20021113      -0.001500
20021114       0.008844
20021115      -0.001737
20021118      -0.017789
20021119      -0.004739
20021120       0.020408
20021121      -0.008667
20021122      -0.015636
20021125       0.001537
20021126      -0.038029
20021127       0.023577
20021129      -0.012470
20021202      -0.023150
20021203       0.002334
20021204       0.016120
20021205      -0.015160
20021206      -0.010739
20021209       0.005247
20021210       0.005400
20021211       0.005550
20021212      -0.019939
20021213      -0.002543
20021216       0.012202
20021217      -0.016373
20021218      -0.017743
20021219      -0.005400
20021220       0.020783
20021223      -0.000367
20021224       0.007339
20021226      -0.018944
20021227      -0.013925
20021230       0.012615
20021231      -0.001302
20030102       0.030162
20030103       0.026749
20030106       0.009505
20030107      -0.022493
20030108      -0.005887
20030109       0.020097
20030110       0.006157
20030113      -0.020280
20030114       0.005710
20030115      -0.024131
20030116      -0.005818
20030117       0.002012
20030121      -0.014601
20030122       0.000185
20030123       0.014815
20030124      -0.021715
20030127      -0.026674
20030128       0.016481
20030129      -0.012066
20030130      -0.016412
20030131       0.040163
20030203      -0.005036
20030204      -0.010874
20030205      -0.012509
20030206       0.000384
20030207      -0.005372
20030210       0.003858
20030211      -0.000769
20030212      -0.038462
20030213       0.030300
20030214       0.008575
20030218       0.025314
20030219      -0.009235
20030220      -0.012364
20030221       0.030046
20030224      -0.019633
20030225       0.006294
20030226      -0.017817
20030227       0.018526
20030228      -0.006252
20030303      -0.000381
20030304      -0.014114
20030305       0.021668
20030306       0.009279
20030307       0.037523
20030310      -0.021157
20030311       0.006466
20030312       0.003671
20030313       0.014631
20030314      -0.005227
20030317       0.021743
20030318       0.006916
20030319       0.009334
20030320       0.001396
20030321       0.022304
20030324      -0.032725
20030325       0.005815
20030326      -0.007358
20030327       0.005295
20030328       0.007374
20030331       0.008540
20030401       0.009504
20030402      -0.000171
20030403      -0.016264
20030404       0.006613
20030407      -0.008817
20030408       0.002965
20030409      -0.004174
20030410      -0.000873
20030411       0.002972
20030414       0.006971
20030415      -0.031153
20030416      -0.028403
20030417       0.011399
20030421       0.006363
20030422       0.013186
20030423       0.012658
20030424       0.012324
20030425      -0.022435
20030428       0.014232
20030429      -0.002105
20030430      -0.009316
20030501      -0.000710
20030502       0.005682
20030505      -0.003178
20030506       0.001063
20030507       0.008669
20030508      -0.009998
20030509      -0.001772
20030512      -0.003195
20030513      -0.011752
20030514      -0.002703
20030515       0.001626
20030516       0.015152
20030519      -0.025161
20030520      -0.011715
20030521      -0.010002
20030522      -0.001310
20030523      -0.005433
20030527       0.006216
20030528       0.004493
20030529      -0.005032
20030530       0.017981
20030602      -0.020791
20030603       0.011838
20030604       0.003900
20030605      -0.037736
20030606       0.014033
20030609      -0.000569
20030610      -0.001517
20030611       0.006839
20030612       0.005094
20030613      -0.013328
20030616       0.021689
20030617       0.019739
20030618       0.003470
20030619      -0.009827
20030620       0.000735
20030623      -0.020202
20030624      -0.014058
20030625      -0.002471
20030626      -0.003240
20030627      -0.014532
20030630       0.003104
20030701       0.013926
20030702       0.009157
20030703       0.001701
20030707      -0.000189
20030708      -0.009438
20030709      -0.010671
20030710      -0.012904
20030711       0.012293
20030714       0.033153
20030715      -0.019590
20030716       0.000951
20030717      -0.006274
20030718       0.008992
20030721      -0.025787
20030722       0.007396
20030723       0.009660
20030724      -0.010716
20030725       0.010251
20030728      -0.014742
20030729      -0.016129
20030730       0.008690
20030731       0.014098
20030801      -0.026260
20030804       0.003371
20030805      -0.016206
20030806       0.008638
20030807       0.031667
20030808      -0.000965
20030811      -0.001353
20030812      -0.008127
20030813      -0.005267
20030814       0.000196
20030815       0.005686
20030818      -0.012341
20030819      -0.007140
20030820      -0.000599
20030821      -0.012592
20030822       0.002834
20030825       0.000606
20030826       0.002017
20030827      -0.008254
20030828      -0.002436
20030829       0.008954
20030902       0.008471
20030903       0.004800
20030904       0.017516
20030905      -0.012128
20030908       0.015842
20030909      -0.000975
20030910       0.015415
20030911       0.004035
20030912      -0.011866
20030915      -0.015301
20030916       0.000197
20030917      -0.012389
20030918       0.010354
20030919      -0.008475
20030922      -0.002584
20030923      -0.003189
20030924      -0.011395
20030925       0.001618
20030926      -0.007066
20030929       0.013827
20030930      -0.006819
20031001       0.015145
20031002       0.000597
20031003      -0.003777
20031006       0.000998
20031007      -0.001196
20031008      -0.006387
20031009      -0.007834
20031010      -0.003037
20031013       0.011170
20031014       0.022896
20031015      -0.008443
20031016       0.003762
20031017      -0.005524
20031020       0.004364
20031021       0.004345
20031022      -0.018486
20031023       0.007814
20031024       0.000994
20031027      -0.008540
20031028       0.012420
20031029      -0.020974
20031030       0.000000
20031031       0.017179
20031103      -0.010928
20031104      -0.012656
20031105       0.000000
20031106       0.000407
20031107      -0.007321
20031110      -0.001639
20031111       0.007182
20031112       0.008557
20031113       0.016970
20031114       0.040127
20031117      -0.008634
20031118       0.005225
20031119       0.006161
20031120      -0.014734
20031121      -0.011847
20031124       0.011792
20031125      -0.015346
20031126      -0.019530
20031128      -0.008048
20031201       0.004057
20031202      -0.011111
20031203       0.004290
20031204       0.003458
20031205      -0.003446
20031208       0.014036
20031209       0.003210
20031210       0.004799
20031211      -0.004975
20031212      -0.012200
20031215       0.001417
20031216      -0.000809
20031217      -0.001416
20031218       0.012563
20031219       0.002602
20031222       0.007585
20031223       0.001387
20031224       0.003561
20031226      -0.002168
20031229       0.012446
20031230       0.002341
20031231       0.005645
20040102       0.000000
20040105       0.005807
20040106      -0.004426
20040107       0.000387
20040108       0.004638
20040109      -0.011348
20040112       0.019261
20040113      -0.002672
20040114      -0.004785
20040115      -0.003077
20040116      -0.026813
20040120       0.020813
20040121       0.020583
20040122       0.009323
20040123      -0.000942
20040126       0.009434
20040127      -0.004112
20040128      -0.002252
20040129       0.013732
20040130      -0.008721
20040202       0.002059
20040203       0.005791
20040204       0.011887
20040205       0.000367
20040206      -0.006422
20040209      -0.000739
20040210       0.005914
20040211       0.004042
20040212       0.003477
20040213      -0.006777
20040217       0.003319
20040218      -0.009557
20040219      -0.005938
20040220      -0.005040
20040223      -0.004690
20040224       0.021301
20040225      -0.002215
20040226      -0.001665
20040227      -0.001112
20040301      -0.002782
20040302      -0.016555
20040303       0.006620
20040304      -0.003570
20040305       0.001886
20040308      -0.000565
20040309      -0.008098
20040310      -0.017087
20040311      -0.012749
20040312      -0.007826
20040315      -0.002761
20040316       0.010085
20040317      -0.003915
20040318       0.001965
20040319      -0.018242
20040322      -0.010989
20040323       0.003030
20040324       0.000000
20040325       0.011078
20040326      -0.001394
20040329       0.008777
20040330      -0.002966
20040331       0.005950
20040401      -0.003943
20040402       0.013064
20040405       0.006643
20040406      -0.000776
20040407      -0.001942
20040408      -0.009926
20040412       0.006487
20040413       0.003711
20040414       0.023545
20040415       0.036502
20040416      -0.007153
20040419      -0.003880
20040420      -0.014651
20040421       0.010352
20040422      -0.000745
20040423       0.000746
20040426       0.004098
20040427       0.008534
20040428      -0.003127
20040429      -0.001661
20040430      -0.001294
20040503       0.016657
20040504      -0.002367
20040505      -0.013139
20040506       0.014053
20040507       0.008388
20040510       0.002713
20040511      -0.005591
20040512       0.001814
20040513      -0.005612
20040514      -0.002276
20040517       0.003302
20040518      -0.001280
20040519      -0.006407
20040520       0.005527
20040521       0.006596
20040524      -0.011467
20040525       0.019333
20040526       0.002168
20040527       0.005588
20040528      -0.001434
20040601       0.001077
20040602       0.007710
20040603       0.006939
20040604      -0.003711
20040607       0.006031
20040608       0.004408
20040609      -0.003686
20040610       0.005462
20040614      -0.001051
20040615      -0.014033
20040616      -0.005871
20040617      -0.005906
20040618      -0.005401
20040621       0.000543
20040622       0.001628
20040623       0.004876
20040624       0.000899
20040625      -0.021368
20040628       0.008624
20040629       0.014008
20040630      -0.000718
20040701      -0.004129
20040702      -0.002163
20040706      -0.007227
20040707      -0.007643
20040708       0.004218
20040709       0.004200
20040712      -0.001819
20040713       0.008927
20040714       0.009751
20040715      -0.010193
20040716       0.026197
20040719      -0.007042
20040720      -0.001596
20040721      -0.009945
20040722       0.008789
20040723      -0.008890
20040726      -0.005562
20040727       0.003969
20040728       0.000539
20040729      -0.003772
20040730      -0.003606
20040802       0.004523
20040803      -0.001621
20040804       0.002706
20040805      -0.006477
20040806      -0.011228
20040809      -0.002015
20040810       0.009176
20040811       0.018367
20040812       0.005357
20040813      -0.008437
20040816       0.009903
20040817       0.008023
20040818       0.008666
20040819      -0.004384
20040820       0.004579
20040823       0.000175
20040824       0.002103
20040825       0.008571
20040826      -0.002428
20040827       0.003303
20040830      -0.002946
20040831       0.009732
20040901      -0.005336
20040902      -0.001557
20040903       0.002600
20040907       0.000173
20040908       0.007086
20040909      -0.013043
20040910       0.001043
20040913       0.010075
20040914       0.003439
20040915      -0.002913
20040916      -0.001031
20040917       0.006882
20040920      -0.010253
20040921      -0.000345
20040922      -0.010363
20040923      -0.012914
20040924      -0.000177
20040927      -0.000354
20040928       0.010083
20040929      -0.001226
20040930      -0.012274
20041001       0.011894
20041004       0.004386
20041005       0.003668
20041006       0.005047
20041007      -0.031688
20041008      -0.010730
20041011       0.000723
20041012       0.026373
20041013      -0.005456
20041014       0.000177
20041015       0.001062
20041018       0.013079
20041019      -0.012387
20041020       0.015722
20041021       0.004870
20041022      -0.008480
20041025      -0.003666
20041026       0.002628
20041027       0.009436
20041028       0.004154
20041029       0.006378
20041101       0.001028
20041102      -0.006845
20041103       0.024294
20041104      -0.003869
20041105      -0.000675
20041108       0.011152
20041109      -0.000167
20041110       0.004847
20041111       0.007984
20041112       0.011304
20041115       0.002623
20041116      -0.002126
20041117      -0.002130
20041118       0.003612
20041119      -0.009489
20041122       0.005451
20041123      -0.004929
20041124      -0.000991
20041126      -0.000992
20041129      -0.004136
20041130       0.001993
20041201       0.014423
20041202       0.009152
20041203       0.002591
20041206      -0.001292
20041207      -0.022966
20041208       0.012250
20041209       0.002617
20041210      -0.017289
20041213       0.006473
20041214       0.013028
20041215      -0.008628
20041216       0.041872
20041217       0.002049
20041220      -0.008021
20041221      -0.001903
20041222       0.005560
20041223       0.004739
20041227      -0.001101
20041228       0.003620
20041229      -0.003607
20041230       0.000315
20041231      -0.002046
20050103      -0.008199
20050104      -0.003180
20050105      -0.000638
20050106       0.002873
20050107      -0.003660
20050110       0.007826
20050111      -0.003486
20050112       0.006997
20050113      -0.021320
20050114       0.011780
20050118       0.005263
20050119      -0.003332
20050120      -0.005253
20050121      -0.010242
20050124      -0.005820
20050125       0.036266
20050126       0.014595
20050127      -0.006651
20050128       0.006229
20050131       0.001238
20050201       0.011128
20050202       0.008866
20050203      -0.005303
20050204       0.008987
20050207       0.003170
20050208      -0.001806
20050209      -0.002111
20050210      -0.000907
20050211       0.011417
20050214      -0.009009
20050215      -0.001364
20050216      -0.002579
20050217      -0.005932
20050218       0.001224
20050222      -0.005502
20050223       0.005225
20050224       0.007338
20050225       0.005008
20050228      -0.009363
20050301       0.016006
20050302       0.004651
20050303      -0.003136
20050304       0.014831
20050307       0.010334
20050308      -0.003653
20050309      -0.006306
20050310       0.003542
20050311      -0.005882
20050314       0.003254
20050315      -0.008257
20050316      -0.003122
20050317      -0.000895
20050318       0.003881
20050321      -0.005948
20050322      -0.000897
20050323       0.021111
20050324      -0.001613
20050328       0.003819
20050329      -0.006291
20050330       0.001914
20050331      -0.013079
20050401      -0.004616
20050404       0.016904
20050405       0.015151
20050406      -0.002898
20050407       0.006249
20050408      -0.008665
20050411       0.003642
20050412      -0.003629
20050413      -0.000728
20050414       0.009622
20050415       0.002166
20050418      -0.005187
20050419       0.000145
20050420      -0.013758
20050421       0.002790
20050422       0.002929
20050425       0.000730
20050426      -0.007587
20050427       0.004558
20050428      -0.009805
20050429       0.014336
20050502       0.002186
20050503      -0.000727
20050504      -0.007420
20050505       0.004251
20050506      -0.004379
20050509      -0.000586
20050510      -0.006454
20050511       0.003248
20050512      -0.004415
20050513      -0.003252
20050516       0.008048
20050517       0.003992
20050518      -0.004565
20050519      -0.002811
20050520      -0.003115
20050523       0.000893
20050524       0.005055
20050525      -0.001923
20050526      -0.000741
20050527       0.000148
20050531      -0.004894
20050601       0.003130
20050602      -0.004606
20050603      -0.008358
20050606      -0.000903
20050607       0.002410
20050608      -0.002705
20050609       0.005576
20050610      -0.003746
20050613      -0.000150
20050614       0.001655
20050615      -0.003455
20050616      -0.000754
20050617       0.003921
20050620      -0.000150
20050621      -0.000301
20050622      -0.007966
20050623      -0.009849
20050624       0.003520
20050627       0.001067
20050628       0.006398
20050629      -0.005600
20050630      -0.010654
20050701      -0.000769
20050705      -0.001540
20050706      -0.010794
20050707      -0.003585
20050708       0.005632
20050711       0.007934
20050712      -0.000154
20050713      -0.005557
20050714       0.002794
20050715       0.006656
20050718      -0.006612
20050719       0.006502
20050720      -0.000923
20050721      -0.015086
20050722       0.005314
20050725      -0.015236
20050726      -0.010578
20050727       0.029839
20050728       0.002944
20050729      -0.011896
20050801       0.008443
20050802       0.002015
20050803       0.003714
20050804      -0.011099
20050805      -0.009509
20050808      -0.001574
20050809       0.009142
20050810      -0.002655
20050811       0.007204
20050812      -0.011662
20050815      -0.003304
20050816      -0.005367
20050817       0.007777
20050818       0.011811
20050819      -0.005447
20050822      -0.001101
20050823      -0.011654
20050824      -0.008126
20050825       0.004498
20050826      -0.009435
20050829       0.017275
20050830      -0.000159
20050831       0.006190
20050901      -0.004102
20050902      -0.003643
20050906       0.014149
20050907       0.015833
20050908      -0.010803
20050909       0.009828
20050912      -0.000772
20050913      -0.009740
20050914       0.003903
20050915       0.001089
20050916       0.012583
20050919      -0.008131
20050920      -0.003867
20050921       0.004658
20050922      -0.000309
20050923      -0.010668
20050926      -0.001875
20050927      -0.006576
20050928      -0.003783
20050929       0.008543
20050930      -0.007373
20051003      -0.011062
20051004       0.007510
20051005      -0.012688
20051006      -0.010924
20051007      -0.003736
20051010       0.002119
20051011      -0.002928
20051012       0.008321
20051013       0.035922
20051014      -0.004998
20051017      -0.010989
20051018      -0.000476
20051019       0.021439
20051020      -0.002332
20051021      -0.001558
20051024       0.000468
20051025      -0.008112
20051026      -0.012111
20051027      -0.021812
20051028       0.024577
20051031      -0.005242
20051101      -0.011498
20051102      -0.009693
20051103      -0.001631
20051104      -0.005229
20051107       0.009034
20051108      -0.010744
20051109       0.004114
20051110       0.006391
20051111      -0.007979
20051114      -0.006730
20051115       0.038341
20051116       0.006685
20051117       0.001423
20051118      -0.007262
20051121      -0.008953
20051122      -0.006130
20051123       0.000974
20051125       0.007783
20051128       0.004023
20051129      -0.006410
20051130      -0.004032
20051201      -0.000972
20051202      -0.007781
20051205      -0.002614
20051206      -0.009500
20051207      -0.007111
20051208       0.000666
20051209       0.000333
20051212       0.000832
20051213       0.001662
20051214      -0.002324
20051215       0.000832
20051216       0.011636
20051219       0.005422
20051220      -0.006700
20051221       0.001645
20051222       0.007227
20051223      -0.003425
20051227      -0.013255
20051228       0.001990
20051229      -0.002814
20051230      -0.002490
20060103       0.025458
20060104       0.015415
20060105      -0.004155
20060106       0.004493
20060109       0.006230
20060110       0.001746
20060111      -0.009509
20060112      -0.004640
20060113      -0.006269
20060117      -0.008735
20060118       0.014850
20060119      -0.000322
20060120      -0.022036
20060123       0.006414
20060124      -0.029907
20060125      -0.014488
20060126       0.002393
20060127       0.001194
20060130      -0.005280
20060131      -0.014726
20060201       0.005561
20060202      -0.003629
20060203      -0.004683
20060206      -0.009237
20060207      -0.000879
20060208       0.031690
20060209      -0.000853
20060210      -0.002733
20060213       0.001884
20060214       0.009402
20060215       0.000847
20060216      -0.002030
20060217       0.001526
20060221       0.001185
20060222      -0.001860
20060223      -0.007454
20060224      -0.008534
20060227       0.002597
20060228      -0.004490
20060301       0.000173
20060302       0.000520
20060303      -0.003813
20060306       0.006612
20060307       0.006396
20060308       0.008932
20060309      -0.007320
20060310       0.012519
20060313       0.000678
20060314       0.003554
20060315       0.008602
20060316       0.003679
20060317       0.005332
20060320       0.002320
20060321       0.001488
20060322       0.007099
20060323      -0.003115
20060324      -0.006907
20060327      -0.007452
20060328      -0.005672
20060329      -0.001510
20060330      -0.002689
20060331      -0.002190
20060403      -0.000844
20060404      -0.005915
20060405      -0.007140
20060406       0.001712
20060407      -0.011453
20060410      -0.002075
20060411       0.000693
20060412       0.002078
20060413       0.000691
20060417      -0.004490
20060418       0.008326
20060419      -0.001892
20060420       0.003447
20060421       0.002576
20060424      -0.000685
20060425      -0.002057
20060426       0.005669
20060427       0.001879
20060428      -0.000682
20060501      -0.000341
20060502       0.001365
20060503      -0.005454
20060504      -0.001542
20060505       0.007552
20060508       0.000170
20060509      -0.005961
20060510      -0.000685
20060511       0.008916
20060512      -0.000170
20060515       0.019378
20060516       0.004669
20060517      -0.001992
20060518       0.000166
20060519      -0.003991
20060522      -0.000668
20060523       0.002339
20060524       0.013167
20060525       0.000576
20060526       0.003970
20060530      -0.013841
20060531       0.006182
20060601       0.007140
20060602       0.001484
20060605      -0.010043
20060606       0.013471
20060607       0.003774
20060608       0.006376
20060609      -0.002924
20060612       0.000000
20060613      -0.005376
20060614       0.003276
20060615       0.003592
20060616       0.003416
20060619      -0.005350
20060620       0.002934
20060621       0.004226
20060622      -0.009872
20060623       0.002288
20060626      -0.018102
20060627      -0.010962
20060628      -0.005374
20060629       0.011143
20060630       0.000501
20060703       0.003839
20060705      -0.001829
20060706       0.007995
20060707       0.001652
20060710       0.005444
20060711      -0.002953
20060712      -0.002468
20060713      -0.005774
20060714       0.003152
20060717       0.007443
20060718      -0.005089
20060719       0.011716
20060720       0.000979
20060721       0.005866
20060724       0.004050
20060725      -0.001291
20060726       0.002423
20060727       0.008219
20060728       0.005754
20060731      -0.005880
20060801       0.002078
20060802       0.007498
20060803      -0.001108
20060804       0.007134
20060807      -0.004093
20060808       0.004584
20060809      -0.003776
20060810       0.003632
20060811      -0.001259
20060814       0.006932
20060815       0.007824
20060816       0.003105
20060817      -0.005881
20060818       0.002958
20060821      -0.002328
20060822      -0.001711
20060823      -0.003897
20060824       0.017055
20060825       0.000692
20060828      -0.001392
20060829       0.000310
20060830       0.000000
20060831       0.000929
20060901       0.000928
20060905      -0.006335
20060906      -0.006064
20060907      -0.007196
20060908       0.002049
20060911       0.007077
20060912      -0.003279
20060913      -0.000313
20060914      -0.001254
20060915       0.000941
20060918       0.005800
20060919       0.000312
20060920       0.000156
20060921       0.000623
20060922      -0.004204
20060925       0.003596
20060926       0.007478
20060927       0.002319
20060928       0.001234
20060929       0.000616
20061002       0.002310
20061003       0.006299
20061004       0.005038
20061005      -0.010937
20061006      -0.000768
20061009      -0.002920
20061010       0.001387
20061011       0.002155
20061012      -0.003994
20061013      -0.004010
20061016       0.005420
20061017       0.017711
20061018       0.031326
20061019      -0.001614
20061020       0.008524
20061023       0.006995
20061024      -0.005065
20061025       0.001164
20061026      -0.000145
20061027      -0.009445
20061030      -0.006895
20061031      -0.004431
20061101      -0.003264
20061102       0.010717
20061103      -0.001326
20061106       0.008996
20061107       0.004239
20061108      -0.010479
20061109      -0.027063
20061110       0.002116
20061113      -0.005280
20061114       0.009402
20061115      -0.000300
20061116      -0.000150
20061117       0.010672
20061120      -0.003421
20061121      -0.006119
20061122       0.002553
20061124      -0.008162
20061127      -0.003037
20061128       0.004874
20061129       0.003486
20061130      -0.004381
20061201       0.000910
20061204       0.004699
20061205      -0.001660
20061206      -0.002116
20061207       0.000454
20061208      -0.001665
20061211      -0.003791
20061212      -0.001826
20061213      -0.001677
20061214       0.011914
20061215       0.000604
20061218       0.004676
20061219       0.004204
20061220      -0.006728
20061221      -0.006473
20061222      -0.005303
20061226      -0.000152
20061227       0.005637
20061228       0.006211
20061229      -0.006022
20070103       0.005756
20070104       0.012500
20070105      -0.009073
20070108      -0.001651
20070109      -0.003759
20070110      -0.001660
20070111       0.008768
20070112      -0.001349
20070116      -0.001501
20070117       0.004959
20070118       0.012562
20070119       0.000738
20070122      -0.008560
20070123      -0.010122
20070124       0.007669
20070125      -0.004925
20070126      -0.009148
20070129       0.001211
20070130       0.003628
20070131       0.006176
20070201       0.003144
20070202      -0.006417
20070205      -0.004205
20070206      -0.004525
20070207      -0.003030
20070208      -0.000608
20070209      -0.002433
20070212      -0.002134
20070213      -0.001222
20070214       0.007189
20070215      -0.000911
20070216      -0.004256
20070220      -0.000763
20070221      -0.007027
20070222      -0.003385
20070223      -0.003936
20070226       0.002338
20070227      -0.019440
20070228      -0.001903
20070301      -0.007628
20070302      -0.008006
20070305      -0.001937
20070306      -0.002103
20070307       0.002593
20070308      -0.002263
20070309       0.006805
20070312      -0.005632
20070313      -0.016508
20070314      -0.000987
20070315      -0.002965
20070316      -0.000330
20070319       0.003636
20070320       0.005599
20070321       0.002456
20070322      -0.005880
20070323      -0.005751
20070326      -0.004297
20070327      -0.003651
20070328      -0.000500
20070329       0.005667
20070330      -0.001326
20070402      -0.002655
20070403       0.008985
20070404       0.010719
20070405       0.004242
20070409       0.001300
20070410       0.000649
20070411       0.003567
20070412       0.000485
20070413       0.006944
20070416       0.010746
20070417       0.024278
20070418      -0.001859
20070419       0.007916
20070420       0.002772
20070423      -0.005682
20070424      -0.004015
20070425       0.002946
20070426      -0.006803
20070427      -0.001090
20070430       0.000779
20070501       0.005294
20070502      -0.001239
20070503      -0.002481
20070504       0.002488
20070507      -0.003412
20070508      -0.008715
20070509       0.006436
20070510      -0.025113
20070511      -0.003680
20070514       0.005460
20070515      -0.012618
20070516       0.019896
20070517      -0.004917
20070518       0.010838
20070521       0.001577
20070522       0.000945
20070523       0.003617
20070524       0.001332
20070525      -0.004568
20070529      -0.002216
20070530       0.002696
20070531       0.000791
20070601       0.002213
20070604       0.002996
20070605      -0.004560
20070606      -0.006476
20070607      -0.014308
20070608       0.002097
20070611       0.002253
20070612      -0.007066
20070613       0.005661
20070614       0.004342
20070615       0.005124
20070618      -0.007010
20070619       0.001444
20070620      -0.006088
20070621       0.001128
20070622      -0.022219
20070625       0.006257
20070626       0.008837
20070627      -0.003244
20070628       0.000814
20070629       0.001951
20070702       0.003733
20070703       0.001617
20070705       0.005327
20070706      -0.002408
20070709       0.009496
20070710      -0.008291
20070711       0.010611
20070712       0.007954
20070713       0.001105
20070716       0.005833
20070717      -0.016614
20070718      -0.008607
20070719       0.003055
20070720      -0.009617
20070723       0.003399
20070724      -0.008548
20070725       0.000976
20070726      -0.009264
20070727      -0.019521
20070730       0.005019
20070731       0.007158
20070801       0.007603
20070802       0.001148
20070803      -0.007865
20070806       0.028902
20070807      -0.003531
20070808       0.006604
20070809      -0.026564
20070810       0.005261
20070813       0.004906
20070814      -0.005207
20070815       0.002781
20070816       0.005383
20070817       0.006328
20070820      -0.003064
20070821      -0.002588
20070822       0.005513
20070823       0.001613
20070824       0.002979
20070827      -0.004525
20070828      -0.005682
20070829       0.009959
20070830      -0.004203
20070831       0.003084
20070904       0.003075
20070905      -0.005324
20070906       0.000162
20070907       0.000324
20070910       0.002594
20070911       0.003396
20070912       0.007413
20070913       0.009599
20070914       0.001426
20070917      -0.004114
20070918       0.014141
20070919       0.010340
20070920       0.004652
20070921       0.005093
20070924       0.001228
20070925      -0.003528
20070926       0.006464
20070927       0.002294
20070928       0.002441
20071001       0.006697
20071002      -0.001361
20071003       0.000757
20071004       0.000151
20071005       0.002118
20071008      -0.003472
20071009       0.003484
20071010      -0.006340
20071011       0.001823
20071012      -0.000152
20071015      -0.004398
20071016      -0.008835
20071017      -0.003381
20071018       0.000771
20071019      -0.010324
20071022       0.001712
20071023       0.003264
20071024      -0.001704
20071025      -0.007604
20071026       0.005473
20071029       0.010575
20071030      -0.002462
20071031       0.005400
20071101      -0.007826
20071102       0.001856
20071105      -0.004477
20071106       0.001861
20071107      -0.010834
20071108       0.010640
20071109       0.008825
20071112       0.017649
20071113       0.015081
20071114      -0.006240
20071115      -0.000150
20071116       0.013008
20071119      -0.002362
20071120       0.000740
20071121      -0.007392
20071123       0.002309
20071126       0.007327
20071127       0.005344
20071128       0.009154
20071129       0.000732
20071130      -0.009649
20071203      -0.000443
20071204       0.003397
20071205       0.003974
20071206       0.001320
20071207      -0.009078
20071210       0.001625
20071211      -0.003540
20071212       0.002220
20071213       0.002511
20071214      -0.004126
20071217      -0.000592
20071218       0.002369
20071219      -0.005760
20071220       0.000149
20071221       0.010397
20071224      -0.002352
20071226      -0.004568
20071227      -0.003404
20071228       0.000743
20071231      -0.010092
20080102      -0.011844
20080103       0.000303
20080104      -0.001365
20080107       0.015492
20080108       0.001197
20080109       0.012847
20080110       0.001622
20080111      -0.000442
20080114       0.001031
20080115      -0.002796
20080116       0.008117
20080117      -0.007027
20080118      -0.022704
20080122      -0.015387
20080123      -0.016393
20080124      -0.010748
20080125      -0.016533
20080128       0.009766
20080129      -0.001586
20080130      -0.012547
20080131       0.015441
20080201       0.003484
20080204       0.001736
20080205      -0.009453
20080206       0.002863
20080207      -0.003806
20080208      -0.012418
20080211      -0.002418
20080212       0.017615
20080213       0.006987
20080214      -0.009778
20080215       0.001752
20080219       0.012083
20080220      -0.006755
20080221      -0.003954
20080222       0.009765
20080225       0.010605
20080226      -0.002036
20080227      -0.010672
20080228      -0.005235
20080229      -0.011960
20080303       0.004358
20080304       0.006588
20080305       0.007823
20080306      -0.007920
20080307      -0.017883
20080310      -0.002926
20080311       0.018099
20080312       0.001762
20080313       0.004157
20080314      -0.002547
20080317       0.022187
20080318       0.019831
20080319      -0.006584
20080320       0.007707
20080324      -0.007495
20080325      -0.005240
20080326       0.002324
20080327      -0.001236
20080328      -0.006809
20080331       0.010751
20080401       0.015415
20080402      -0.008502
20080403      -0.000612
20080404       0.007048
20080407       0.006238
20080408       0.002722
20080409      -0.000452
20080410       0.000603
20080411      -0.004975
20080414      -0.003939
20080415      -0.001369
20080416       0.000762
20080417       0.000913
20080418       0.011405
20080421      -0.002857
20080422       0.010103
20080423       0.004031
20080424       0.001635
20080425      -0.000891
20080428       0.000149
20080429      -0.001931
20080430      -0.001488
20080501       0.010732
20080502       0.006636
20080505      -0.005274
20080506      -0.004713
20080507      -0.009914
20080508      -0.000149
20080509      -0.005232
20080512       0.002404
20080513      -0.004497
20080514       0.006023
20080515      -0.001946
20080516       0.000000
20080519      -0.000750
20080520      -0.007204
20080521      -0.006349
20080522       0.002130
20080523      -0.007491
20080527       0.003543
20080528      -0.004144
20080529       0.023736
20080530       0.004818
20080602      -0.003446
20080603       0.003759
20080604      -0.003146
20080605       0.006161
20080606      -0.017921
20080609      -0.001977
20080610      -0.000152
20080611      -0.006401
20080612       0.007515
20080613       0.008829
20080616      -0.006489
20080617      -0.003797
20080618      -0.017533
20080619       0.002793
20080620      -0.008666
20080623       0.003590
20080624       0.006688
20080625       0.008653
20080626      -0.015625
20080627      -0.010738
20080630       0.012113
20080701       0.005440
20080702      -0.000773
20080703       0.007426
20080707       0.001996
20080708       0.014713
20080709      -0.000453
20080710       0.011484
20080711      -0.010158
20080714       0.002264
20080715       0.019425
20080716       0.007238
20080717      -0.005279
20080718      -0.000147
20080721      -0.010469
20080722       0.013113
20080723       0.004118
20080724       0.005713
20080725       0.005389
20080728      -0.007967
20080729       0.000000
20080730      -0.005841
20080731       0.005729
20080801      -0.005404
20080804       0.012922
20080805       0.021310
20080806       0.008801
20080807      -0.005910
20080808       0.012739
20080811       0.001537
20080812       0.000558
20080813      -0.006974
20080814      -0.000140
20080815       0.001967
20080818      -0.003365
20080819       0.000844
20080820      -0.000984
20080821       0.002814
20080822       0.008418
20080825      -0.008681
20080826      -0.001271
20080827       0.007071
20080828       0.002809
20080829      -0.013724
20080902       0.018458
20080903      -0.003067
20080904      -0.014823
20080905       0.003123
20080908       0.021933
20080909      -0.012185
20080910      -0.001542
20080911      -0.000983
20080912      -0.008010
20080915      -0.013883
20080916       0.002730
20080917      -0.004155
20080918       0.020429
20080919      -0.013253
20080922      -0.022575
20080923      -0.003801
20080924       0.000587
20080925       0.017158
20080926       0.000577
20080929      -0.036023
20080930       0.035575
20081001      -0.021507
20081002       0.000000
20081003      -0.024045
20081006      -0.025091
20081007      -0.031163
20081008      -0.002080
20081009      -0.076652
20081010      -0.030045
20081013       0.122292
20081014       0.021059
20081015      -0.054062
20081016       0.048893
20081017      -0.013386
20081020       0.028571
20081021      -0.012104
20081022      -0.035187
20081023       0.016770
20081024      -0.026581
20081027      -0.010528
20081028       0.067165
20081029      -0.041440
20081030      -0.015602
20081031       0.012713
20081103      -0.002934
20081104       0.011936
20081105      -0.032962
20081106      -0.032247
20081107       0.039710
20081110      -0.003487
20081111      -0.007665
20081112      -0.027372
20081113       0.085981
20081114      -0.045310
20081117      -0.012989
20081118       0.027333
20081119      -0.045492
20081120      -0.039745
20081121       0.053754
20081124       0.013025
20081125      -0.006936
20081126      -0.007325
20081128       0.005320
20081201      -0.055480
20081202       0.027110
20081203       0.008622
20081204      -0.019888
20081205       0.036490
20081208       0.009274
20081209      -0.016335
20081210      -0.000173
20081211       0.007785
20081212      -0.017167
20081215       0.009782
20081216       0.030963
20081217      -0.013758
20081218       0.003573
20081219      -0.002543
20081222       0.001530
20081223      -0.004242
20081224      -0.002045
20081226       0.000000
20081229      -0.007001
20081230       0.017541
20081231       0.011154
