  -0.102
   0.000
   0.077
   0.000
  -0.051
   0.038
  -0.153
  -0.102
   0.026
   0.026
  -0.064
  -0.090
  -0.077
  -0.154
   0.090
  -0.013
   0.013
   0.051
   0.090
  -0.077
  -0.128
  -0.039
  -0.090
   0.039
  -0.003
   0.105
  -0.049
   0.036
  -0.031
  -0.033
   0.051
   0.039
   0.013
  -0.013
  -0.013
  -0.026
   0.064
  -0.077
   0.090
  -0.077
  -0.013
   0.064
  -0.051
   0.062
   0.028
  -0.010
  -0.003
   0.013
  -0.013
   0.026
   0.013
   0.077
   0.000
  -0.051
  -0.064
   0.038
   0.038
   0.000
  -0.038
   0.000
  -0.064
   0.003
  -0.092
  -0.087
   0.077
  -0.118
  -0.051
  -0.090
  -0.168
   0.093
   0.010
   0.036
   0.119
   0.039
  -0.013
  -0.013
  -0.013
  -0.155
   0.129
  -0.129
   0.026
  -0.023
   0.077
  -0.003
   0.180
  -0.051
   0.013
  -0.039
   0.000
  -0.026
  -0.049
  -0.015
  -0.015
   0.018
   0.100
  -0.090
   0.010
   0.093
  -0.013
   0.013
  -0.026
   0.008
  -0.033
   0.013
   0.039
   0.008
  -0.015
   0.072
  -0.046
   0.118
   0.018
   0.118
   0.072
   0.067
  -0.090
   0.013
   0.000
  -0.051
   0.090
  -0.036
   0.074
   0.028
   0.049
   0.018
   0.031
   0.118
  -0.090
   0.051
  -0.010
  -0.028
   0.013
  -0.059
  -0.054
  -0.015
   0.026
  -0.010
  -0.015
   0.036
  -0.010
  -0.023
   0.013
   0.036
   0.069
   0.199
  -0.089
   0.008
   0.043
   0.015
  -0.066
   0.102
   0.051
   0.112
   0.000
  -0.163
   0.041
  -0.092
  -0.051
  -0.153
  -0.013
   0.013
   0.128
   0.043
   0.059
   0.026
   0.051
   0.026
  -0.064
  -0.100
  -0.041
  -0.128
   0.105
   0.151
  -0.026
   0.000
  -0.026
   0.000
  -0.026
   0.013
  -0.013
   0.038
   0.033
   0.031
   0.128
   0.094
  -0.043
   0.000
  -0.008
  -0.054
  -0.015
  -0.036
   0.087
   0.010
  -0.010
   0.010
   0.041
   0.051
   0.109
  -0.059
   0.025
   0.279
   0.025
   0.051
   0.051
  -0.038
   0.038
  -0.008
  -0.033
  -0.048
   0.063
  -0.025
   0.000
   0.025
   0.177
  -0.025
   0.152
   0.025
  -0.051
   0.051
   0.177
  -0.033
  -0.093
   0.076
   0.101
   0.076
  -0.025
   0.050
  -0.076
   0.050
  -0.010
   0.010
  -0.025
  -0.040
  -0.010
  -0.050
  -0.076
   0.000
   0.000
   0.116
  -0.172
  -0.020
  -0.051
   0.025
  -0.015
   0.091
   0.030
   0.121
  -0.025
  -0.025
   0.025
   0.076
   0.151
  -0.035
  -0.154
  -0.076
  -0.103
   0.192
  -0.066
  -0.061
  -0.126
  -0.025
   0.126
   0.050
   0.050
  -0.101
  -0.076
  -0.063
   0.164
  -0.025
  -0.177
   0.025
   0.015
  -0.116
   0.010
  -0.073
   0.028
   0.028
   0.046
   0.025
  -0.038
   0.000
   0.063
   0.020
  -0.043
   0.010
   0.013
   0.013
   0.013
  -0.013
  -0.038
   0.025
  -0.028
  -0.010
   0.013
   0.025
  -0.013
   0.000
   0.152
   0.013
  -0.076
   0.013
  -0.038
   0.114
   0.013
   0.035
   0.040
  -0.028
   0.015
   0.063
  -0.076
   0.063
  -0.063
   0.088
  -0.038
   0.038
  -0.038
  -0.038
   0.050
  -0.050
   0.000
  -0.038
  -0.025
   0.088
   0.000
   0.003
  -0.028
   0.040
   0.010
   0.010
  -0.060
   0.013
  -0.010
  -0.003
   0.063
   0.013
  -0.023
  -0.003
   0.076
   0.028
  -0.003
   0.201
  -0.050
   0.108
  -0.008
   0.000
  -0.025
   0.000
   0.025
   0.000
  -0.048
  -0.028
   0.008
   0.000
   0.035
  -0.043
   0.048
   0.053
   0.050
  -0.010
  -0.023
  -0.003
  -0.040
  -0.038
  -0.126
   0.053
  -0.008
  -0.070
   0.063
  -0.035
   0.023
   0.063
  -0.075
   0.038
   0.013
   0.000
  -0.010
   0.023
   0.000
  -0.038
  -0.008
   0.020
   0.010
   0.018
   0.020
  -0.060
   0.028
  -0.013
  -0.015
  -0.028
   0.028
  -0.023
  -0.053
  -0.081
   0.068
   0.065
   0.010
  -0.013
  -0.033
  -0.015
   0.025
   0.058
  -0.063
  -0.091
  -0.018
   0.055
  -0.045
  -0.076
   0.151
  -0.033
   0.015
   0.068
   0.033
  -0.050
  -0.033
  -0.076
  -0.025
  -0.025
  -0.134
   0.083
   0.025
   0.000
  -0.025
   0.126
  -0.025
  -0.068
  -0.374
   0.164
   0.050
   0.025
  -0.139
  -0.088
  -0.013
   0.114
   0.066
   0.043
   0.018
   0.101
  -0.101
  -0.050
   0.088
   0.088
  -0.050
  -0.063
  -0.103
  -0.086
   0.126
  -0.025
  -0.051
  -0.025
   0.076
  -0.101
  -0.177
   0.101
   0.101
  -0.076
  -0.051
   0.035
  -0.111
   0.035
   0.015
   0.076
  -0.061
  -0.091
   0.127
  -0.101
  -0.025
   0.015
  -0.046
  -0.096
  -0.051
   0.076
   0.000
  -0.051
   0.025
   0.025
   0.000
  -0.051
  -0.076
   0.051
   0.046
   0.081
   0.025
   0.000
   0.076
  -0.051
   0.000
  -0.025
  -0.101
   0.000
   0.036
   0.015
  -0.051
   0.025
   0.035
   0.015
   0.000
  -0.025
  -0.015
  -0.036
  -0.076
   0.000
  -0.025
   0.102
  -0.025
  -0.076
   0.051
   0.041
  -0.005
   0.041
  -0.036
   0.114
  -0.068
   0.015
  -0.051
  -0.076
   0.076
  -0.051
   0.000
  -0.025
   0.000
   0.025
   0.000
  -0.036
  -0.076
   0.137
  -0.051
   0.089
  -0.048
   0.010
   0.091
   0.073
   0.013
  -0.003
  -0.010
   0.076
   0.089
   0.025
   0.010
  -0.035
   0.076
  -0.076
   0.040
   0.010
  -0.015
   0.015
   0.061
   0.003
  -0.023
  -0.005
   0.028
  -0.076
   0.038
  -0.015
  -0.023
   0.013
   0.013
  -0.008
   0.008
  -0.013
  -0.051
   0.000
   0.013
   0.013
  -0.035
  -0.028
  -0.058
   0.020
  -0.015
  -0.096
   0.035
   0.010
  -0.035
  -0.051
   0.061
  -0.061
   0.025
   0.025
   0.051
   0.038
   0.013
   0.058
  -0.083
   0.025
  -0.051
   0.000
   0.000
  -0.086
   0.046
  -0.010
   0.010
  -0.010
  -0.018
   0.119
   0.051
   0.018
   0.033
  -0.053
  -0.056
  -0.068
   0.041
   0.008
   0.003
   0.025
  -0.101
   0.025
  -0.089
   0.005
  -0.020
  -0.048
   0.000
   0.000
   0.038
   0.013
  -0.023
  -0.003
  -0.008
  -0.005
   0.000
  -0.015
  -0.010
   0.015
  -0.053
   0.010
  -0.010
   0.091
  -0.066
  -0.048
  -0.003
  -0.127
   0.076
  -0.025
  -0.015
   0.041
  -0.015
  -0.058
  -0.079
   0.025
  -0.025
   0.041
  -0.041
  -0.064
   0.066
  -0.015
   0.010
  -0.023
  -0.099
   0.025
  -0.056
   0.076
   0.010
  -0.056
   0.018
   0.056
  -0.003
  -0.038
  -0.020
  -0.008
   0.031
  -0.041
   0.081
   0.036
  -0.053
   0.003
   0.117
  -0.076
   0.023
  -0.038
   0.013
   0.025
   0.025
   0.051
   0.000
  -0.038
  -0.038
   0.102
   0.000
   0.013
   0.089
  -0.003
  -0.086
  -0.064
  -0.074
   0.061
   0.013
  -0.023
   0.048
  -0.051
  -0.102
   0.059
  -0.092
  -0.043
   0.076
  -0.127
   0.076
   0.000
   0.051
  -0.025
  -0.076
  -0.025
  -0.025
   0.000
   0.000
   0.051
   0.000
  -0.061
   0.010
   0.025
  -0.051
   0.000
   0.127
   0.051
  -0.051
   0.041
   0.112
   0.025
   0.000
   0.081
   0.020
   0.025
  -0.025
   0.076
  -0.076
  -0.008
   0.033
   0.051
   0.051
   0.101
  -0.076
   0.051
  -0.076
   0.000
   0.025
   0.025
   0.066
  -0.015
  -0.025
   0.025
   0.000
  -0.025
   0.025
  -0.015
  -0.010
   0.003
   0.018
   0.030
   0.051
   0.025
   0.000
  -0.033
   0.008
  -0.051
   0.025
   0.000
   0.000
   0.000
   0.000
   0.061
   0.066
   0.000
  -0.086
   0.061
   0.000
   0.000
   0.003
   0.023
  -0.025
   0.051
   0.000
  -0.025
   0.025
   0.051
   0.076
  -0.101
   0.000
   0.025
  -0.051
  -0.025
   0.000
  -0.038
   0.051
  -0.038
   0.025
  -0.025
   0.025
   0.005
   0.020
   0.000
  -0.025
   0.010
   0.000
   0.000
  -0.040
  -0.005
   0.028
  -0.028
  -0.051
  -0.041
   0.000
   0.000
   0.013
   0.000
  -0.013
   0.038
   0.003
  -0.015
  -0.089
   0.010
   0.091
  -0.038
   0.051
   0.038
  -0.063
  -0.025
   0.038
  -0.025
  -0.028
  -0.035
  -0.051
   0.051
   0.010
  -0.010
   0.015
   0.099
  -0.078
   0.076
   0.000
  -0.035
   0.013
   0.053
  -0.015
  -0.025
   0.015
   0.061
  -0.035
  -0.066
   0.051
   0.000
  -0.035
   0.025
  -0.041
  -0.033
  -0.030
   0.020
   0.038
   0.056
  -0.005
  -0.013
  -0.008
  -0.010
  -0.003
  -0.025
  -0.046
   0.020
  -0.089
   0.101
  -0.177
   0.053
   0.038
   0.010
   0.028
  -0.015
  -0.013
   0.000
   0.003
   0.008
  -0.020
   0.000
  -0.015
   0.000
   0.038
   0.013
  -0.020
   0.013
  -0.015
  -0.030
   0.000
   0.018
  -0.005
   0.020
  -0.056
   0.025
   0.025
  -0.003
   0.028
  -0.013
   0.023
  -0.023
   0.000
   0.000
  -0.003
  -0.035
  -0.003
  -0.035
   0.013
  -0.018
  -0.008
   0.013
   0.013
   0.000
   0.015
   0.023
  -0.013
   0.033
   0.043
  -0.028
  -0.023
   0.015
  -0.015
   0.073
   0.020
  -0.018
   0.013
  -0.013
  -0.013
  -0.038
  -0.008
   0.084
  -0.063
   0.089
   0.013
   0.015
  -0.013
   0.018
  -0.010
   0.015
  -0.025
  -0.041
   0.028
   0.023
  -0.048
   0.043
   0.142
  -0.058
   0.000
  -0.126
   0.061
   0.015
  -0.076
   0.043
   0.008
   0.051
  -0.025
  -0.010
  -0.015
   0.063
  -0.005
  -0.048
   0.066
  -0.152
   0.101
  -0.015
  -0.035
  -0.013
  -0.190
   0.025
   0.025
   0.000
   0.025
  -0.051
   0.000
   0.025
   0.051
  -0.025
   0.025
   0.013
  -0.013
   0.061
  -0.010
   0.010
   0.015
   0.015
  -0.015
   0.101
  -0.061
  -0.041
   0.025
   0.000
  -0.051
   0.000
  -0.051
  -0.051
   0.051
  -0.018
  -0.008
   0.000
  -0.025
  -0.056
  -0.033
  -0.114
   0.058
   0.053
  -0.010
  -0.041
   0.015
  -0.036
  -0.013
  -0.028
  -0.025
   0.051
   0.000
   0.076
  -0.051
  -0.076
  -0.010
   0.028
  -0.010
  -0.043
   0.036
   0.000
   0.000
   0.051
   0.025
   0.005
   0.020
   0.025
   0.025
   0.000
   0.020
  -0.020
  -0.025
   0.025
   0.025
   0.000
   0.038
   0.000
   0.028
  -0.028
   0.114
  -0.025
  -0.010
  -0.041
   0.025
  -0.008
  -0.005
  -0.053
  -0.051
  -0.010
  -0.043
   0.018
   0.015
   0.036
  -0.058
   0.058
   0.003
  -0.010
  -0.018
   0.000
   0.066
  -0.015
   0.000
  -0.003
  -0.023
   0.018
   0.023
  -0.005
   0.003
   0.028
   0.010
  -0.038
   0.013
  -0.010
  -0.005
   0.015
   0.015
  -0.025
  -0.015
  -0.018
   0.010
  -0.043
   0.043
   0.008
  -0.008
   0.018
   0.015
  -0.043
   0.043
   0.025
  -0.015
  -0.010
   0.000
   0.020
   0.000
  -0.061
   0.066
  -0.041
  -0.036
   0.061
   0.005
   0.048
   0.038
  -0.076
   0.041
  -0.025
   0.035
   0.003
   0.023
   0.003
  -0.028
   0.025
   0.089
   0.025
   0.000
   0.013
   0.038
  -0.028
  -0.008
   0.023
  -0.010
   0.035
   0.073
   0.129
   0.013
   0.013
   0.050
   0.028
  -0.066
   0.106
  -0.030
   0.063
   0.000
   0.076
   0.000
  -0.050
  -0.025
   0.000
   0.033
  -0.048
   0.015
   0.018
  -0.035
   0.005
   0.030
   0.043
   0.018
  -0.003
   0.000
   0.000
   0.025
   0.101
   0.000
  -0.043
   0.015
   0.053
   0.025
  -0.025
   0.000
  -0.025
  -0.083
   0.003
   0.023
  -0.008
   0.005
  -0.015
  -0.025
   0.035
  -0.035
   0.000
   0.251
   0.376
   0.032
  -0.032
   0.025
  -0.017
  -0.075
  -0.045
   0.153
  -0.065
  -0.090
   0.015
  -0.038
   0.063
   0.125
  -0.087
   0.025
   0.087
   0.087
   0.175
   0.052
  -0.015
  -0.075
   0.025
   0.037
  -0.087
   0.085
  -0.035
  -0.125
   0.077
  -0.002
  -0.037
  -0.012
   0.050
  -0.040
  -0.010
   0.000
   0.075
  -0.075
   0.000
  -0.025
  -0.112
  -0.007
   0.020
   0.050
   0.025
   0.025
   0.050
   0.050
   0.022
   0.002
   0.000
  -0.035
   0.035
   0.050
   0.082
  -0.057
  -0.025
   0.000
  -0.050
  -0.025
  -0.025
   0.037
   0.025
   0.037
   0.050
   0.100
   0.000
  -0.025
   0.000
   0.075
  -0.050
   0.000
   0.000
  -0.025
   0.040
   0.015
  -0.005
   0.050
  -0.114
   0.437
  -0.012
  -0.124
   0.037
  -0.062
   0.000
   0.012
   0.000
   0.050
   0.050
   0.000
   0.050
   0.050
   0.099
   0.000
  -0.037
   0.094
  -0.082
  -0.035
  -0.015
   0.025
  -0.042
   0.059
   0.032
  -0.049
   0.000
  -0.025
   0.012
  -0.062
  -0.050
  -0.025
  -0.012
  -0.037
   0.025
   0.010
  -0.010
   0.064
   0.121
  -0.062
  -0.025
  -0.025
   0.000
   0.000
   0.010
   0.002
  -0.002
  -0.020
   0.072
  -0.012
  -0.050
   0.010
   0.015
  -0.050
  -0.010
  -0.040
  -0.010
  -0.015
   0.089
   0.035
   0.050
   0.000
   0.000
   0.064
  -0.114
   0.025
  -0.025
   0.015
   0.084
   0.012
   0.087
   0.002
   0.109
  -0.037
  -0.012
   0.010
   0.052
   0.197
   0.320
   0.025
  -0.084
  -0.052
  -0.037
  -0.017
   0.116
   0.000
  -0.025
  -0.042
  -0.007
   0.047
  -0.010
   0.000
  -0.044
  -0.017
   0.000
   0.025
  -0.012
   0.037
  -0.022
   0.000
  -0.027
  -0.049
   0.015
   0.007
  -0.022
   0.002
   0.022
  -0.118
  -0.064
  -0.079
   0.032
   0.039
  -0.007
  -0.035
   0.017
   0.067
  -0.049
  -0.027
  -0.044
  -0.076
   0.012
   0.111
  -0.052
   0.039
  -0.002
   0.015
   0.187
   0.000
  -0.054
  -0.037
   0.002
  -0.010
  -0.027
  -0.086
   0.039
   0.020
  -0.032
   0.047
   0.002
   0.022
   0.052
  -0.052
  -0.064
  -0.109
   0.000
   0.062
   0.010
  -0.022
  -0.074
  -0.020
   0.094
  -0.074
   0.074
   0.025
   0.000
  -0.015
   0.015
  -0.025
   0.086
  -0.062
  -0.079
  -0.109
   0.030
  -0.017
   0.064
   0.062
  -0.025
   0.062
   0.012
   0.049
  -0.099
  -0.047
   0.035
  -0.114
   0.002
   0.000
   0.111
  -0.005
  -0.020
   0.012
  -0.035
  -0.040
   0.049
   0.020
  -0.069
  -0.049
   0.042
  -0.067
  -0.148
  -0.050
   0.059
   0.015
   0.074
  -0.025
   0.074
  -0.010
  -0.015
  -0.049
  -0.032
  -0.049
  -0.017
  -0.045
   0.032
   0.087
  -0.049
   0.017
   0.007
   0.062
  -0.037
  -0.007
   0.032
  -0.025
   0.000
  -0.005
  -0.020
   0.049
  -0.049
   0.035
  -0.015
   0.002
  -0.022
  -0.050
   0.015
   0.025
  -0.040
  -0.025
   0.012
   0.012
   0.007
   0.017
   0.025
   0.000
   0.049
   0.000
   0.000
  -0.049
   0.010
  -0.035
   0.074
   0.000
   0.025
  -0.010
  -0.007
   0.002
   0.040
   0.148
  -0.010
   0.010
   0.000
  -0.025
  -0.148
   0.099
  -0.074
   0.025
   0.049
  -0.040
  -0.084
  -0.025
   0.000
   0.000
  -0.454
   0.032
  -0.050
   0.446
   0.025
   0.059
   0.015
   0.049
   0.000
   0.049
   0.007
   0.027
  -0.010
  -0.049
   0.025
   0.040
   0.035
   0.163
  -0.039
  -0.035
   0.020
  -0.035
  -0.007
  -0.030
   0.020
  -0.057
  -0.074
   0.000
  -0.040
  -0.002
  -0.007
  -0.049
   0.064
  -0.089
   0.025
   0.025
  -0.025
  -0.025
   0.049
  -0.032
   0.027
  -0.010
  -0.017
  -0.017
   0.000
   0.064
   0.025
   0.012
  -0.005
  -0.010
  -0.012
   0.000
  -0.089
   0.089
  -0.025
   0.042
  -0.042
  -0.010
   0.020
  -0.010
   0.002
   0.089
  -0.027
   0.059
  -0.025
   0.000
   0.000
   0.148
  -0.099
   0.025
  -0.022
  -0.042
  -0.059
  -0.037
   0.012
   0.074
   0.022
  -0.030
  -0.067
   0.012
   0.005
   0.015
  -0.064
   0.007
   0.052
   0.047
  -0.027
   0.005
  -0.007
  -0.106
   0.030
  -0.074
   0.007
   0.037
  -0.077
   0.020
  -0.040
  -0.077
  -0.012
   0.121
  -0.035
  -0.062
   0.050
  -0.037
  -0.022
  -0.030
   0.042
  -0.027
  -0.099
   0.025
   0.025
   0.000
  -0.012
  -0.012
   0.015
  -0.022
   0.007
  -0.074
  -0.025
  -0.062
   0.025
   0.055
   0.005
   0.027
  -0.007
   0.017
   0.017
   0.022
  -0.002
   0.002
   0.012
  -0.012
   0.010
   0.037
   0.002
   0.020
   0.005
   0.074
   0.027
  -0.139
  -0.012
  -0.025
  -0.074
   0.050
  -0.035
   0.032
   0.027
   0.050
   0.099
   0.037
   0.089
  -0.002
  -0.067
   0.129
  -0.012
   0.074
   0.111
  -0.012
  -0.037
  -0.037
  -0.012
   0.015
   0.109
  -0.037
   0.035
   0.089
  -0.025
  -0.049
   0.000
   0.025
  -0.007
  -0.091
   0.049
  -0.007
  -0.035
   0.005
  -0.084
   0.022
   0.049
  -0.099
  -0.062
  -0.037
  -0.109
   0.010
   0.010
  -0.119
  -0.015
  -0.050
   0.050
   0.050
   0.000
  -0.025
  -0.050
   0.000
  -0.099
  -0.050
   0.074
  -0.025
   0.025
   0.074
   0.074
  -0.025
  -0.050
   0.074
   0.089
  -0.089
  -0.025
  -0.025
  -0.099
   0.000
  -0.074
   0.010
  -0.035
   0.025
   0.074
  -0.174
   0.050
  -0.065
   0.010
   0.005
   0.050
   0.025
   0.025
   0.015
   0.010
   0.000
   0.099
  -0.050
   0.025
  -0.064
   0.025
  -0.035
   0.074
  -0.040
   0.040
   0.050
  -0.020
   0.007
  -0.087
   0.035
  -0.035
   0.000
   0.050
  -0.149
   0.074
   0.000
   0.040
  -0.032
   0.017
   0.025
  -0.032
   0.047
   0.025
   0.072
  -0.069
   0.042
  -0.002
  -0.047
   0.000
   0.025
  -0.010
  -0.037
   0.050
  -0.037
   0.022
   0.012
   0.040
  -0.040
  -0.012
   0.017
  -0.030
  -0.010
  -0.050
   0.000
  -0.025
  -0.035
   0.072
  -0.047
   0.025
   0.010
  -0.027
  -0.022
   0.047
  -0.012
  -0.022
  -0.050
   0.005
   0.032
  -0.025
  -0.050
  -0.017
   0.005
   0.037
   0.000
  -0.050
   0.050
  -0.025
   0.012
   0.012
   0.012
   0.012
  -0.099
   0.017
   0.032
   0.007
  -0.010
   0.027
  -0.015
   0.015
  -0.010
   0.060
   0.025
   0.000
  -0.022
   0.012
  -0.015
   0.040
   0.000
   0.060
   0.000
   0.000
   0.064
   0.035
   0.000
  -0.047
   0.022
  -0.025
   0.037
  -0.037
   0.050
  -0.059
  -0.030
  -0.037
  -0.047
   0.025
   0.000
   0.027
  -0.002
   0.017
   0.045
   0.119
  -0.010
  -0.005
   0.007
  -0.022
   0.037
  -0.064
   0.007
   0.050
   0.116
   0.074
  -0.025
   0.086
  -0.062
   0.062
  -0.077
   0.015
   0.000
   0.007
  -0.007
   0.002
  -0.027
   0.000
   0.027
   0.030
  -0.017
   0.010
  -0.010
  -0.012
   0.000
   0.005
  -0.025
  -0.007
   0.007
   0.002
  -0.010
  -0.002
  -0.010
   0.012
  -0.057
   0.000
  -0.017
   0.012
   0.012
   0.010
   0.057
  -0.020
   0.002
  -0.022
   0.012
   0.022
  -0.012
  -0.012
   0.020
   0.141
  -0.017
   0.030
   0.079
  -0.042
   0.025
   0.000
   0.000
   0.074
  -0.042
  -0.081
   0.010
   0.015
   0.022
  -0.059
  -0.012
  -0.074
  -0.017
   0.059
  -0.067
  -0.074
   0.000
   0.000
   0.067
   0.000
  -0.074
   0.082
   0.025
   0.077
  -0.119
   0.017
   0.074
  -0.049
  -0.025
   0.086
  -0.012
  -0.032
  -0.017
   0.074
   0.010
  -0.010
   0.074
   0.123
  -0.099
  -0.049
   0.025
   0.025
   0.049
  -0.074
  -0.025
   0.025
  -0.074
   0.017
   0.106
  -0.010
   0.012
  -0.027
  -0.076
   0.052
   0.025
  -0.064
   0.039
  -0.010
   0.035
   0.025
  -0.025
  -0.035
   0.002
  -0.042
   0.049
   0.084
   0.162
   0.000
  -0.049
   0.062
  -0.027
   0.015
   0.049
  -0.025
  -0.025
  -0.049
   0.025
   0.025
   0.000
   0.049
   0.064
  -0.029
   0.025
  -0.034
   0.034
  -0.020
   0.010
  -0.039
   0.015
   0.000
   0.034
  -0.034
   0.025
   0.000
   0.015
  -0.025
   0.020
   0.088
   0.034
  -0.083
  -0.010
   0.034
   0.017
   0.039
  -0.047
   0.015
  -0.056
   0.032
   0.015
   0.020
  -0.069
  -0.088
   0.049
  -0.034
   0.034
  -0.049
   0.000
   0.022
  -0.037
   0.187
  -0.074
   0.037
  -0.005
  -0.044
   0.076
  -0.064
  -0.025
  -0.015
  -0.020
   0.000
  -0.027
   0.012
   0.034
   0.015
   0.022
   0.150
   0.098
  -0.098
  -0.010
  -0.088
   0.000
  -0.056
  -0.017
   0.037
  -0.037
  -0.034
  -0.005
  -0.034
   0.049
   0.025
   0.000
  -0.148
   0.049
   0.015
   0.010
  -0.049
   0.049
  -0.025
   0.000
  -0.037
   0.061
   0.000
   0.042
   0.010
   0.086
   0.034
   0.010
   0.052
  -0.066
   0.005
   0.025
   0.000
   0.049
  -0.025
  -0.015
   0.027
   0.037
   0.000
   0.066
  -0.066
   0.074
   0.064
  -0.015
   0.051
  -0.051
   0.091
   0.029
   0.002
  -0.059
  -0.027
   0.027
   0.010
  -0.086
   0.027
  -0.064
  -0.025
   0.118
  -0.078
  -0.015
   0.122
  -0.024
   0.000
  -0.049
  -0.039
   0.022
   0.007
  -0.039
   0.000
   0.002
  -0.002
  -0.017
  -0.007
   0.066
  -0.042
   0.032
  -0.029
   0.000
  -0.002
   0.010
  -0.010
   0.007
  -0.017
  -0.039
  -0.025
  -0.010
   0.010
   0.000
  -0.042
   0.039
   0.010
  -0.032
   0.012
   0.005
  -0.002
  -0.015
   0.005
   0.020
   0.051
  -0.010
  -0.017
   0.061
  -0.022
  -0.002
  -0.010
   0.032
  -0.002
   0.017
  -0.024
  -0.025
  -0.056
   0.032
   0.000
  -0.027
  -0.022
  -0.074
  -0.221
   0.503
   0.110
   0.098
  -0.086
  -0.142
   0.007
  -0.049
  -0.049
  -0.083
  -0.359
   0.197
   0.079
   0.020
   0.005
  -0.128
  -0.020
  -0.005
  -0.064
  -0.207
   0.000
   0.049
  -0.049
   0.012
   0.037
  -0.123
  -0.049
  -0.044
   0.094
   0.074
  -0.099
  -0.049
  -0.089
  -0.035
  -0.161
  -0.012
   0.124
   0.010
  -0.022
   0.012
   0.074
  -0.025
  -0.025
   0.049
  -0.025
  -0.025
  -0.025
  -0.099
   0.074
   0.000
  -0.099
   0.049
  -0.074
  -0.099
  -0.025
  -0.074
  -0.074
  -0.149
  -0.674
   0.075
   0.150
  -0.050
  -0.225
  -0.125
   0.050
   0.050
   0.100
   0.050
   0.125
   0.025
   0.050
  -0.250
  -0.025
   0.050
  -0.025
  -0.050
  -0.150
  -0.025
  -0.138
  -0.340
   0.025
   0.025
  -0.113
   0.063
   0.050
   0.038
  -0.038
   0.151
   0.025
   0.038
  -0.050
  -0.025
   0.038
  -0.050
   0.063
  -0.063
  -0.025
   0.000
  -0.076
  -0.025
   0.050
   0.151
  -0.050
  -0.063
  -0.050
  -0.038
  -0.126
   0.151
   0.038
   0.025
   0.088
  -0.025
   0.013
   0.188
   0.088
  -0.125
   0.003
   0.010
   0.013
  -0.113
  -0.126
  -0.302
   0.076
   0.139
  -0.038
   0.050
   0.050
   0.063
  -0.063
  -0.010
   0.161
  -0.063
   0.000
   0.000
   0.038
   0.050
  -0.050
   0.000
   0.025
   0.028
  -0.093
  -0.023
   0.113
  -0.176
   0.025
   0.040
   0.023
  -0.013
   0.063
   0.038
  -0.050
  -0.015
  -0.010
   0.000
   0.035
  -0.010
  -0.038
   0.000
   0.000
  -0.088
   0.025
   0.043
  -0.126
   0.033
   0.063
  -0.025
  -0.076
   0.038
   0.038
  -0.013
  -0.101
   0.050
  -0.025
   0.038
  -0.038
   0.025
   0.050
   0.088
   0.113
  -0.176
   0.013
   0.063
  -0.003
   0.128
   0.038
   0.163
  -0.050
   0.113
  -0.125
  -0.053
   0.003
  -0.050
   0.010
   0.053
   0.100
  -0.023
  -0.028
   0.075
  -0.050
   0.000
  -0.003
   0.075
   0.003
   0.025
   0.205
   0.195
  -0.125
   0.075
   0.125
   0.000
  -0.050
   0.150
  -0.115
  -0.035
   0.100
   0.100
  -0.149
   0.100
  -0.125
  -0.100
   0.025
  -0.025
  -0.050
   0.065
  -0.015
  -0.025
   0.050
   0.005
  -0.015
   0.035
  -0.020
   0.000
  -0.002
   0.047
  -0.030
   0.055
   0.100
  -0.075
   0.012
  -0.025
   0.017
   0.000
  -0.080
   0.065
   0.010
   0.000
   0.000
   0.000
  -0.075
   0.000
  -0.325
  -0.200
  -0.083
   0.070
   0.063
  -0.025
  -0.151
   0.013
  -0.138
  -0.126
   0.126
   0.113
   0.063
  -0.025
  -0.100
   0.176
  -0.113
   0.025
  -0.013
  -0.050
  -0.050
   0.040
   0.060
   0.100
  -0.090
  -0.023
   0.015
  -0.028
   0.010
   0.055
  -0.015
   0.075
   0.113
  -0.013
  -0.050
  -0.010
   0.035
  -0.138
  -0.013
   0.025
  -0.025
  -0.025
  -0.075
  -0.025
  -0.025
  -0.050
  -0.025
  -0.151
   0.101
  -0.050
   0.025
   0.025
   0.000
  -0.035
  -0.050
  -0.141
  -0.013
  -0.050
  -0.152
  -0.126
   0.038
   0.152
   0.139
   0.050
  -0.063
  -0.063
   0.038
  -0.050
  -0.013
   0.063
   0.013
  -0.076
  -0.101
   0.051
   0.076
   0.013
  -0.025
   0.038
   0.000
   0.050
  -0.063
   0.101
   0.038
  -0.038
  -0.063
   0.013
   0.000
   0.000
