  2 34278    0.642303
  2 34281    0.962988
  2 34283    0.641785
  2 34289    1.923489
  2 34304    4.797107
  2 34308    1.278405
  2 34317    2.872249
  2 34319    0.638072
  2 34357   12.049727
  2 34362    1.584223
  2 34380    5.686839
  2 34419   12.245301
  2 34453   10.618107
  2 34495   13.030041
  2 34503    1.574492
  2 34508    0.983287
  2 34520    2.355458
  2 34532    2.351044
  2 34553    4.100873
  2 34575    4.281480
  2 34591    3.106086
  2 34601    1.938301
  2 34617    3.093622
  2 34666    9.403067
  2 34667    0.191870
  2 34690    4.397500
  2 34711    4.002264
  2 34715    0.761872
  2 34733    3.419051
  2 34755    4.164922
  2 34759    0.756800
  2 34794    6.587107
  2 34837    6.874238
  2 34930   14.663406
  2 34951    3.300856
  2 34965    2.196044
  2 34971    0.940333
  2 34986    2.345668
  2 34998    1.873242
  2 34999    0.156081
  2 35009    1.558529
  2 35030    3.262908
  2 35076    7.099800
  2 35099    3.538139
  2 35141    6.422102
  2 35149    1.221858
  2 35195    6.979790
  2 35212    2.573277
  2 35215    0.453915
  2 35259    6.616219
  2 35290    4.641200
  2 35291    0.149695
  2 35335    6.546297
  2 35339    0.594787
  2 35376    5.473660
  2 35435    8.657761
  2 35549   16.471912
  2 35559    1.442966
  2 35600    5.883806
  2 35619    2.719755
  2 35623    0.572276
  2 35675    7.388598
  2 35695    2.834305
  2 35705    1.415295
  2 35725    2.823193
  2 35760    4.918116
  2 35780    2.803074
  2 35831    7.101002
  2 35838    0.973773
  2 35850    1.666761
  2 35859    1.248633
  2 35862    0.416052
  2 35884    3.042502
  2 35978   12.846464
  2 35984    0.819372
  2 35986    0.273056
  2 35993    0.954859
  2 36055    8.392438
  2 36068    1.756884
  2 36080    1.619344
  2 36107    3.631471
  2 36231   16.429274
  2 36235    0.529723
  2 36257    2.905829
  2 36282    3.292272
  2 36284    0.263319
  2 36286    0.263257
  2 36300    1.839744
  2 36317    2.229494
  2 36477   20.596869
  2 36481    0.514686
  2 36483    0.257284
  2 36487    0.514333
  2 36509    2.821742
  2 36513    0.512811
  2 36519    0.768691
  2 36528    1.151860
  2 36597    8.762532
  2 36599    0.253930
  2 36625    3.291519
  2 36670    5.668511
  2 36673    0.377776
  2 36675    0.251795
  2 36681    0.754885
  2 36683    0.251573
  2 36790   13.303168
  2 36795    0.621309
  2 36854    7.285276
  2 36957   12.581131
  2 37283   38.533514
  2 37287    0.472620
  2 37307    2.358523
  2 37315    0.942680
  2 37350    4.110367
  2 37436   10.017682
  2 37454    2.093188
  2 37464    1.161796
  2 37479    1.740259
  2 37573   10.811690
  2 37582    1.034315
  2 37590    0.918724
  2 37604    1.605731
  2 37635    3.545638
  2 37653    2.055444
  2 37677    2.734740
  2 37734    6.462444
  2 37932   22.071870
  2 37935    0.334339
  2 37956    2.336293
  2 37957    0.111243
  2 37970    1.444604
  2 38031    6.744762
  2 38038    0.773550
  2 38077    4.296244
  2 38091    1.540513
  2 38195   11.350403
  2 38210    1.635175
  2 38211    0.109003
  2 38237    2.828410
  2 38298    6.605136
  2 38338    4.318252
  2 38347    0.970955
  2 38350    0.323580
  2 38441    9.749907
  2 38483    4.486375
  2 38516    3.516740
  2 38733   22.784079
  2 38750    1.782927
  2 38757    0.733809
  2 38799    4.390812
  2 38850    5.314271
  2 39180   33.710955
  2 39181    0.102149
  2 39199    1.836811
  2 39213    1.427510
  2 39218    0.509683
  2 39224    0.611415
  2 39324   10.134793
  2 39426   10.282378
  2 39491    6.530973
  2 39568    7.707499
  2 39602    3.397772
  2 39626    2.395707
  2 39657    3.089979
  2 39696    3.880434
  2 39767    7.041961
  2 40104   32.972593
  2 40110    0.586920
  2 40209    9.650111
  2 40219    0.974423
  2 40314    9.227781
  2 40392    7.557932
  2 40393    0.096894
  2 40395    0.193775
  2 40409    1.355850
  2 40443    3.289435
  2 40448    0.483669
  2 40466    1.740294
  2 40473    0.676644
  2 40527    5.211853
  2 40544    1.640001
  2 40564    1.928366
  2 40580    1.542032
  2 40715   12.966820
  2 40846   12.545936
  2 40865    1.818925
  2 40871    0.574327
  2 40883    1.148375
  2 40894    1.052446
  2 40909    1.434730
  2 40911    0.191290
  2 40958    4.491302
  2 40967    0.859894
  2 40969    0.191081
  2 40997    2.673785
  2 41012    1.432009
  2 41144   12.575240
  2 41145    0.095266
  2 41261   11.033859
  2 41281    1.901942
  2 41295    1.331146
  2 41326    2.946540
  2 41329    0.285140
  2 41392    5.984223
  2 41446    5.126951
  2 41549    9.772216
  2 41613    6.070062
  2 41634    1.991563
  2 41704    6.637034
  2 41781    7.299798
  2 41809    2.654431
  2 41815    0.568806
  2 41842    2.559639
  2 41965   11.663132
  2 42010    4.267687
  2 42011    0.094838
  2 42085    7.020535
  2 42091    0.569252
  2 42094    0.284631
  2 42108    1.328390
  2 42119    1.043807
  2 42157    3.606812
  2 42201    4.177720
  2 42233    3.039168
  2 42268    3.325163
  2 42273    0.475046
  2 42296    2.185712
  2 42311    1.425686
  2 42344    3.137634
  2 42349    0.475426
  2 42352    0.285265
  2 42355    0.285275
  2 42373    1.712009
  2 42378    0.475586
  2 42401    2.188311
  2 42406    0.475749
  2 42408    0.190305
  2 42423    1.427557
  2 42426    0.285523
  2 42455    2.761115
  2 42488    3.143405
  2 42496    0.762125
  2 42516    1.905873
  2 42570    5.150162
  2 42625    5.250342
  2 42638    1.241270
  2 42639    0.095484
  2 42695    5.352539
  2 42747    4.975205
  2 42757    0.956961
  2 42761    0.382815
  2 42875   10.936856
  2 42920    4.321666
  2 42950    2.883176
  2 42960    0.961292
  2 43001    3.945318
  2 43006    0.481197
  2 43009    0.288740
  2 43014    0.481295
  2 43015    0.096262
  2 43017    0.192533
  2 43018    0.096269
  2 43020    0.192548
  2 43029    0.866666
  2 43038    0.866869
  2 43044    0.578003
  2 43045    0.096336
  2 43046    0.096339
  2 43047    0.096341
  2 43051    0.385407
  2 43057    0.578202
  2 43061    0.385509
  2 43063    0.192765
  2 43065    0.192775
  2 43067    0.192785
  2 43070    0.289201
  2 43082    1.157177
  2 43083    0.096434
  2 43084    0.096437
  2 43087    0.289333
  2 43101    1.350739
  2 43106    0.482473
  2 43107    0.096497
  2 43108    0.096500
  2 43109    0.096503
  2 43110    0.096505
  2 43111    0.096508
  2 43116    0.482607
  2 43119    0.289588
  2 43135    1.545162
  2 43137    0.193156
  2 43140    0.289759
  2 43157    1.642761
  2 43161    0.386576
  2 43192    2.998666
  2 43195    0.290219
  2 43198    0.290245
  2 43201    0.258419
  2 43203    0.172266
  2 43206    0.258367
  2 43218    1.032975
  2 43228    0.860469
  2 43296    5.835514
  2 43301    0.428998
  2 43341    3.426646
  2 43390    4.189731
  2 43407    1.452637
  2 43410    0.256318
  2 43418    0.683308
  2 43525    9.102631
  2 43533    0.680369
  2 43578    3.820757
  2 43583    0.424451
  2 43591    0.678924
  2 43701    9.298420
  2 43733    2.701947
  2 43764    2.614678
  2 43765    0.084342
  2 43776    0.927402
  2 43779    0.252902
  2 43787    0.674217
  2 43821    2.862073
  2 43826    0.420821
  2 43892    5.542419
  2 43976    7.034335
  2 44070    7.847827
  2 44074    0.333907
  2 44120    3.834340
  2 44122    0.166700
  2 44124    0.166689
  2 44187    5.240422
  2 44208    1.745679
  2 44219    0.914095
  2 44293    6.135632
  2 44324    2.567964
  2 44411    7.188591
  2 44443    2.641658
  2 44449    0.495226
  2 44465    1.320005
  2 44482    1.401833
  2 44581    8.141288
  2 44585    0.328905
  2 44595    0.822040
  2 44600    0.410964
  2 44614    1.150266
  2 44647    2.708950
  2 44659    0.984759
  2 44660    0.082061
  2 44726    5.406687
  2 44752    2.128483
  2 44759    0.572950
  2 44762    0.245531
  2 44792    2.453445
  2 44795    0.245326
  2 44834    3.186125
  2 44844    0.816752
  2 44901    4.648994
  2 44943    3.422118
  2 44982    3.174751
  2 44993    0.895212
  2 45041    3.902040
  2 45052    0.893993
  2 45061    0.731298
  2 45062    0.081254
  2 45064    0.162500
  2 45154    7.297827
  2 45155    0.081085
  2 45165    0.810675
  2 45194    2.349483
  2 45205    0.890973
  2 45218    1.052676
  2 45271    4.286895
  2 45278    0.566111
  2 45302    1.939994
  2 45321    1.535233
  2 45366    3.632787
  2 45399    2.662308
  2 45463    5.156888
  2 45468    0.402844
  2 45470    0.161131
  2 45483    1.047097
  2 45485    0.161086
  2 45603    9.483610
  2 45633    2.409817
  2 45758   10.019781
  2 45849    7.283892
  2 45874    2.000304
  2 45900    2.079501
  2 45906    0.479842
  2 45945    3.117184
  2 46001    4.472381
  2 46004    0.239582
  2 46006    0.159717
  2 46009    0.239565
  2 46024    1.197576
  2 46045    1.676125
  2 46067    1.755419
  2 46082    1.196637
  2 46125    3.428435
  2 46139    1.116035
  2 46162    1.832954
  2 46207    3.584229
  2 46209    0.159295
  2 46230    1.672179
  2 46273    3.422266
  2 46295    1.750489
  2 46302    0.556930
  2 46328    2.068000
  2 46394    5.245845
  2 46396    0.158962
  2 46414    1.430391
  2 46502    6.987020
  2 46512    0.793906
  2 46540    2.222368
  2 46556    1.269743
  2 46606    3.966237
  2 46625    1.506933
  2 46628    0.237931
  2 46743    9.112666
  2 46776    2.614338
  2 46779    0.237662
  2 46789    0.792154
  2 46837    3.801161
  2 46885    3.800063
  2 46911    2.058064
  2 46916    0.395771
  2 46982    5.222379
  2 46998    1.265934
  2 47022    1.898689
  2 47056    2.689411
  2 47064    0.632782
  2 47099    2.768035
  2 47244   11.462365
  2 47246    0.158101
  2 47269    1.818062
  2 47339    5.532495
  2 47340    0.079036
  2 47344    0.316140
  2 47375    2.449981
  2 47386    0.869337
  2 47447    4.820615
  2 47458    0.869286
  2 47472    1.106358
  2 47482    0.790253
  2 47486    0.316101
  2 47636   11.854657
  2 47676    3.161415
  2 47697    1.659800
  2 47762    5.138163
  2 48228   36.914341
  2 48232    0.316870
  2 48242    0.792228
  2 48305    4.993272
  2 48372    5.313050
  2 48399    2.141551
  2 48425    2.062684
  2 48495    5.556818
  2 48515    1.587956
  2 48518    0.238200
  2 48541    1.826600
  2 48563    1.747555
  2 48588    1.986350
  2 48589    0.079455
  2 48608    1.509932
  2 48663    4.373373
  2 48667    0.318077
  2 48669    0.159042
  2 48772    8.200168
  2 48778    0.477713
  2 48827    3.903625
  2 48842    1.195208
  2 48864    1.753454
  2 48903    3.109945
  2 48906    0.239236
  2 48922    1.276191
  2 48933    0.877509
  2 48966    2.633689
  2 48976    0.798196
  2 48997    1.676695
  2 49128   10.479185
  2 49150    1.760450
  2 49152    0.160046
  2 49155    0.240080
  2 49182    2.161617
  2 49232    4.006154
  2 49445   17.128136
  2 49455    0.804283
  2 49456    0.080430
  2 49504    3.864024
  2 49542    3.061195
  2 49627    6.858646
  2 49663    2.906915
  2 49708    3.636953
  2 49755    3.802284
  2 49757    0.161806
  2 49769    0.971081
  2 49773    0.323721
  2 49786    1.052381
  2 49806    1.619736
  2 49919    9.174156
  2 49955    2.925115
  2 49976    1.707135
  2 49989    1.057114
  2 50328   27.797332
  2 50332    0.328027
  2 50413    6.656870
  2 50443    2.467515
  2 50478    2.881532
  2 50492    1.153059
  2 50554    5.115280
  2 50697   11.847108
  2 50698    0.082849
  2 50702    0.331437
  2 50781    6.561429
  2 50847    5.492823
  2 50873    2.165592
  2 51009   11.376951
  2 51056    3.937796
  2 51073    1.425109
  2 51133    5.039887
  2 51206    6.147107
  2 51256    4.217635
  2 51257    0.084356
  2 51265    0.675033
  2 51311    3.887717
  2 51516   17.455044
  2 51605    7.603478
  2 51643    3.251150
  2 51660    1.455414
  2 51699    3.343941
  2 51700    0.085745
  2 51707    0.600382
  2 51715    0.686365
  2 51747    2.748908
  2 51773    2.235783
  2 51830    4.912682
  2 51852    1.897803
  2 51861    0.776656
  2 51892    2.678517
  2 51937    3.895339
  2 51981    3.815712
  2 51999    1.562144
  2 52026    2.345865
  2 52050    2.087320
  2 52121    6.193662
  2 52142    1.833581
  2 52148    0.524016
  2 52151    0.262042
  2 52174    2.010986
  2 52232    5.084029
  2 52233    0.087660
  2 52255    1.930377
  2 52260    0.438819
  2 52274    1.229454
  2 52281    0.614917
  2 52307    2.286621
  2 52310    0.263876
  2 52409    8.746858
  2 52418    0.795495
  2 52426    0.707365
  2 52441    1.327220
  2 52445    0.353990
  2 52482    3.279993
  2 52496    1.241883
  2 52525    2.575941
  2 52560    3.113988
  2 52577    1.513718
  2 52590    1.158259
  2 52630    3.570636
  2 52707    6.898897
  2 52713    0.537732
  2 52741    2.512826
  2 52758    1.526908
  2 52818    5.404972
  2 52825    0.630798
  2 52846    1.894362
  2 52864    1.625192
  2 52889    2.260027
  2 52938    4.440567
  2 53050   10.207972
  2 53079    2.647096
  2 53167    8.069526
  2 53224    5.242619
  2 53255    2.855959
  2 53258    0.276427
  2 53260    0.184305
  2 53269    0.829770
  2 53315    4.251544
  2 53341    2.406428
  2 53355    1.296753
  2 53403    4.457667
  2 53407    0.371554
  2 53428    1.952907
  2 53433    0.465106
  2 53492    5.506192
  2 53503    1.027207
  2 53677   16.409088
  2 53684    0.660401
  2 53717    3.119234
  2 53759    3.979597
  2 53878   11.354469
  2 53906    2.676080
  2 53954    4.600724
  2 53984    2.880635
  2 53996    1.153087
  2 54051    5.302608
  2 54055    0.385738
  2 54088    3.188749
  2 54093    0.483292
  2 54094    0.096664
  2 54109    1.451296
  2 54138    2.810845
  2 54139    0.096932
  2 54153    1.358216
  2 54208    5.354071
  2 54244    3.512366
  2 54307    6.171037
  2 54347    3.928060
  2 54348    0.098208
  2 54375    2.656172
  2 54408    3.253291
  2 54537   12.824008
  2 54603    6.589594
  2 54621    1.799298
  2 54626    0.499970
  2 54640    1.401215
  2 54673    3.310111
  2 54674    0.100313
  2 54678    0.401359
  2 54681    0.301080
  2 54682    0.100367
  2 54705    2.311978
  2 54739    3.425503
  2 54744    0.503920
  2 54749    0.504089
  2 54767    1.816923
  2 54803    3.642701
  2 54808    0.506102
  2 54917   11.115510
  2 55125   21.521460
  2 55130    0.517526
  2 55136    0.621295
  2 55161    2.593328
  2 55163    0.207496
  2 55206    4.474861
  2 55237    3.233238
  2 55242    0.521677
  2 55245    0.313074
  2 55262    1.776257
  2 55271    0.940982
  2 55274    0.313728
  2 55276    0.209182
  2 55280    0.418486
  2 55282    0.209273
  2 55355    7.679040
  2 55430    7.932889
  2 55470    4.243380
  2 55471    0.106092
  2 55475    0.424495
  2 55479    0.424621
  2 55492    1.381348
  2 55494    0.212547
  2 55496    0.212578
  2 55499    0.318938
  2 55505    0.638161
  2 55507    0.212752
  2 55514    0.745019
  2 55533    2.025058
  2 55534    0.106590
  2 55573    4.169145
  2 55576    0.320776
  2 55577    0.106933
  2 55579    0.213899
  2 55582    0.320920
  2 55584    0.213979
  2 55589    0.535148
  2 55600    1.178298
  2 55604    0.428601
  2 55621    1.823887
  2 55636    1.611135
  2 55639    0.322300
  2 55669    3.230326
  2 55671    0.215388
  2 55688    1.833160
  2 55705    1.835533
  2 55723    1.946174
  2 55729    0.649022
  2 55736    0.757597
  2 55742    0.649667
  2 55757    1.626035
  2 55822    6.584146
  2 55891    7.026832
  2 55943    5.317141
  2 55954    1.125751
  2 55988    3.488907
  2 56005    1.746794
  2 56024    1.955233
  2 56062    3.922268
  2 56063    0.103226
  2 56085    2.274947
  2 56092    0.724251
  2 56109    1.761283
  2 56126    1.763680
  2 56152    2.703023
  2 56159    0.728146
  2 56201    4.383687
  2 56244    4.503714
  2 56263    1.993088
  2 56264    0.104908
  2 56273    0.944863
  2 56300    2.840838
  2 56317    1.791164
  2 56319    0.210760
  2 56321    0.210794
  2 56335    1.477253
  2 56352    1.796312
  2 56388    3.815247
  2 56391    0.318016
  2 56392    0.106014
  2 56409    1.804772
  2 56436    2.872820
  2 56437    0.106410
  2 56440    0.319308
  2 56460    2.132261
  2 56481    2.242793
  2 56519    4.071292
  2 56521    0.214314
  2 56541    2.146740
  2 56549    0.859273
  2 56579    3.230418
  2 56586    0.754209
  2 56649    6.824174
  2 56654    0.541831
  2 56680    2.823763
  2 56684    0.434573
  2 56689    0.543448
  2 56703    1.523475
  2 56720    1.852625
  2 56729    0.981557
  2 56733    0.436397
  2 56735    0.218236
  2 56777    4.599526
  2 56809    3.514088
  2 56811    0.219668
  2 56812    0.109844
  2 56820    0.879358
  2 56828    0.879967
  2 56867    4.304382
  2 56896    3.208788
  2 56917    2.327870
  2 56936    2.109673
  2 56941    0.555420
  2 56953    1.334412
  2 56969    1.781719
  2 56978    1.003010
  2 56993    1.673893
  2 57015    2.459813
  2 57020    0.559296
  2 57022    0.223758
  2 57025    0.335726
  2 57035    1.120076
  2 57038    0.336112
  2 57076    4.271797
  2 57077    0.112426
  2 57086    1.012642
  2 57090    0.450223
  2 57115    2.820173
  2 57121    0.677204
  2 57134    1.468982
  2 57194    6.816510
  2 57195    0.113619
  2 57200    0.568349
  2 57210    1.137723
  2 57241    3.536828
  2 57246    0.570714
  2 57259    1.485604
  2 57266    0.800448
  2 57280    1.602931
  2 57311    3.559368
  2 57324    1.494408
  2 57327    0.344958
  2 57353    2.996743
  2 57355    0.230561
  2 57357    0.230603
  2 57380    2.657529
  2 57385    0.577989
  2 57422    4.291691
  2 57428    0.696335
  2 57446    2.092476
  2 57489    5.018622
  2 57492    0.350234
  2 57502    1.168530
