IBM  KMB PG CAT DE JNJ MMM AA F HPQ WFC AXP FDX SP5
4.144233 -11.01077 -8.892867 -4.437967 6.273933 -12.42617 -2.520467 -16.40337 -0.06356667 -6.192267 -7.503367 -15.33197 -2.275967 -7.518367
5.9051 -5.1991 -0.8403 8.8358 6.7694 2.2953 2.8494 4.0393 6.0217 -4.0063 -6.6691 -2.7458 10.4661 0.2089
1.507767 3.206467 5.408167 0.1663667 3.235467 4.003667 0.9017667 0.1198667 2.059067 5.672067 0.6237667 -12.24633 10.84167 1.767167
2.0616 -0.6475 4.2602 0.2523 2.2685 0.2434 -3.1053 -4.2768 -5.674 -5.2923 -8.4703 5.5855 -2.4412 -3.3362
10.5568 8.8328 16.3462 8.52 -1.9783 12.759 4.3692 5.8066 3.8876 8.8106 23.6606 7.1891 -16.1701 8.5539
-2.727467 1.553733 4.802133 -22.09937 -0.9819667 5.422333 4.196933 -4.053267 -5.793267 -1.471367 -3.437467 5.270333 -2.806367 -1.532767
-5.7414 6.6948 -0.5489 -7.1908 -1.3176 3.6085 3.694 9.0905 -4.0636 -9.3652 -9.2557 -5.9196 -8.646 -1.1573
-8.167933 -3.476133 -11.86003 -12.64133 -22.61393 -7.219033 -12.67613 -7.994933 -16.58473 -19.75123 -10.28123 -17.78823 -6.326533 -10.05223
3.803867 -8.383633 -5.970433 -2.357533 -16.47233 -4.232333 -2.676833 -3.331733 -12.08283 -4.254933 -16.81053 -13.04853 -8.256633 -5.731733
-1.5376 9.6589 7.9788 -3.4377 -15.9414 1.1812 1.8336 -15.1284 -8.2898 -22.9856 1.0832 -10.1596 -9.563 -1.2673
8.389167 4.727267 4.817067 0.3318667 11.28667 8.289367 3.183867 2.705767 -1.939733 14.79627 22.41997 8.020967 -10.05803 5.405067
-1.111767 6.290033 3.963233 13.72403 5.304233 2.305733 4.976833 4.449733 -3.301367 6.038333 12.36353 1.170033 12.82743 1.921133
11.64977 -0.3695333 -8.454833 5.971067 16.01497 6.101867 -1.538733 12.20187 7.462867 21.44247 7.818967 9.784667 25.68097 3.633467
2.0375 1.7338 2.0287 9.304 -5.987 7.3024 4.695 -0.8833 16.0229 19.4407 12.4263 4.9995 -4.0038 6.2331
-12.0459 2.4028 4.2767 -12.8495 -5.093 16.2503 -0.4925 1.6517 -1.2588 7.0142 1.9951 19.82 -12.6137 1.7278
-10.02073 3.232867 -1.351933 -0.3664333 0.5547667 -1.905033 0.2353667 3.193267 1.150767 1.779167 1.956367 -13.09423 -3.229433 -0.4362333
3.7537 6.001 1.0353 8.2064 12.9968 -4.1322 7.2925 4.9154 13.0065 5.6575 10.3696 2.045 13.3748 3.4027
-8.944767 -1.119667 -9.568467 -5.053567 -6.504467 -8.326267 -2.170167 -5.560867 -2.837067 -6.685367 -5.636567 -11.76177 -4.513967 -5.253467
3.7821 0.3203 4.5431 -0.3637 -1.1862 9.2655 -6.74 4.7572 -6.2983 5.4463 12.2623 12.3128 7.9766 4.0209
-3.570067 0.3246333 2.961433 -3.752067 0.04013333 1.356633 -0.5524667 -2.391067 -7.533767 -2.072067 3.120333 3.989333 -5.533967 1.520733
6.5327 -7.448 1.2117 -6.4876 3.4204 -5.2802 3.306 -8.1967 -4.0495 -6.5816 4.663 -2.7935 -12.1069 -2.3494
-5.602833 6.986367 -1.299533 7.819467 5.673167 7.222067 0.5550667 -0.5724333 -8.665833 1.351867 0.3304667 -26.26953 9.584167 0.7701667
-5.0009 -4.1511 -3.519 -14.4425 -14.9495 1.3546 -4.1932 -8.0723 -11.9007 -4.8465 -10.7504 -0.38 -9.7956 -4.7728
-4.122967 10.14193 15.55593 6.024433 -0.08076667 18.46753 9.459133 9.703533 16.84833 18.36213 21.32753 8.871333 10.77193 10.81963
0.8069333 -6.358567 10.73523 6.577933 4.110433 -6.430167 -4.778567 -0.1224667 9.550033 3.630733 -5.796167 0.2931333 12.58653 -2.306667
-2.4478 8.8664 -2.3682 4.2255 1.4256 -5.7619 0.5591 7.8583 20.1718 22.8868 9.4626 1.4982 16.8229 0.6365
-4.221567 2.615233 0.2783333 1.965133 0.8888333 -4.040367 -2.809167 1.284933 4.085133 10.21123 -3.658967 9.782333 -8.873267 -2.519867
8.3701 4.1581 1.2034 12.2375 -3.2465 -3.0048 5.3213 10.0066 18.9709 -0.9336 6.2167 -1.9518 -7.5125 2.4768
1.0308 3.3011 -0.7868 7.2699 -7.8592 2.2904 2.5508 0.0206 -2.5064 -5.3025 -3.2057 0.8086 -6.6243 -0.2061
7.5462 2.1472 -10.7673 -11.2781 -6.2996 -7.9179 1.1329 -2.5594 3.0753 -9.4168 1.3672 2.9917 10.4312 -2.0409
-3.4603 -3.0453 10.3847 2.8023 -1.7338 9.7884 2.8253 -3.0682 0.332 6.4476 3.022 -1.3428 -5.5307 3.6699
-7.559033 -3.496033 -7.668233 -12.93053 -7.701333 0.4599667 -0.9608333 -12.09133 -11.18983 -22.36963 -6.209833 -9.499933 -10.49473 -2.660633
-7.0246 -1.6155 5.0908 7.7886 13.2623 -4.7995 3.8184 2.272 -3.31 -2.5132 6.2421 5.7455 -6.1057 0.6681
-17.42103 5.562167 7.407267 0.2892667 -9.693933 5.862467 0.1275667 5.044667 -6.820633 1.779567 7.453967 -2.524033 24.67517 -0.02773333
3.604567 6.598767 2.339667 8.351567 -1.210233 0.9491667 -0.3337333 0.8502667 14.80767 16.66227 1.322467 6.756667 8.049367 2.765367
-26.45883 -2.747633 -1.420433 -5.774933 12.83067 -0.02023333 -1.616333 1.870667 1.814967 5.107567 1.501567 8.474867 11.24067 0.7424667
1.9833 -2.5805 -6.9633 4.6917 5.75 -13.1213 -2.8587 3.5894 8.2631 2.7911 4.0978 -5.7776 3.6491 0.4546
6.386933 -3.064167 4.278433 3.096633 11.88523 -3.130567 8.255833 -5.420667 -0.7861667 2.186433 3.733633 5.132133 -0.6856667 0.8042333
-6.682633 -1.710133 -4.332333 1.693867 2.879167 0.04826667 3.545667 -8.267233 13.10567 3.245667 7.012267 11.48887 -0.2458333 1.623867
-4.661767 -12.79627 -1.191567 17.13923 13.17263 2.106833 1.359033 2.280233 5.818533 -1.881167 2.768333 2.986633 -14.42987 -2.780867
9.347133 -1.698367 -0.2466667 3.182933 4.525133 2.641633 1.960033 2.437633 -5.269467 11.10563 -3.010667 2.431933 1.045333 2.025033
-6.653933 5.626567 5.596567 4.281667 5.684767 -7.258633 -4.574733 3.447867 0.2249667 -2.804533 10.07167 11.91807 -5.102733 -0.1803333
-10.12673 -5.556333 -5.907133 2.618167 -4.396433 -12.30153 -3.031133 1.532367 1.469167 -11.36443 -4.362933 1.684667 12.88337 -0.7860333
3.119133 4.281633 -1.020867 6.740233 14.28663 12.10453 4.943533 5.748333 -3.569167 2.699733 1.329333 -0.6347667 13.01843 3.191533
-8.442533 0.6317667 -2.054633 -4.197233 -0.2458333 -3.620033 -6.403233 -10.89473 8.087467 -7.665733 3.999467 10.13877 3.310667 -1.244633
9.272133 5.105433 14.61153 15.76103 6.484133 6.732433 0.5988333 1.051833 12.46323 7.426533 -7.038967 -9.659367 8.839233 1.687633
17.40467 2.162967 4.349967 -7.088933 -8.510733 3.919667 5.601867 2.168167 -2.076533 -0.08853333 -10.78263 -2.971533 5.667567 -1.549433
4.6174 -1.333 0.1855 4.1438 4.8596 2.6103 -0.4844 -0.0745 5.9178 7.2026 6.3024 -1.8486 -1.1291 0.7541
-0.2483333 9.390267 4.681467 16.91457 8.535467 -5.819333 -1.627633 14.38227 4.247767 7.663067 8.715767 6.229367 6.982667 3.001767
-6.244333 -2.354333 -3.632133 3.810767 4.542867 -4.967033 -1.198533 -5.168133 -7.546933 6.034167 -11.17133 -10.61563 -1.751133 -3.275333
3.018033 -4.590267 -7.248167 3.399233 0.3009333 -6.210667 -6.341467 -5.108967 -5.724267 -9.395067 1.304033 -5.419867 -10.97617 -4.866267
4.956533 3.475833 6.581233 -2.397867 -9.491867 9.295933 -1.316767 -5.367767 -0.1789667 -2.589767 7.546733 7.351033 13.71203 0.8464333
9.655 2.6163 -1.2241 -3.0754 -9.3173 7.3045 4.6346 4.1035 -1.4157 -2.5257 4.2569 5.0558 -0.0171 0.8969
-7.091 -5.9822 -5.6665 -6.7777 -2.6747 -3.4523 -3.0411 3.1948 1.8195 -4.103 -2.6814 -7.1323 -2.6326 -3.0262
4.958267 6.967767 4.744567 8.314167 3.336067 9.260167 6.692067 6.647667 8.452767 2.795267 -0.3608333 3.425567 -11.39763 2.785867
10.73777 4.252267 8.819467 6.085767 5.509067 6.892667 4.219567 7.486067 -8.608633 15.40767 2.248667 5.758767 6.205567 3.390967
1.2573 -0.6966 -2.4384 -6.5605 -7.22 2.8569 -0.1582 0.5079 -5.5132 -2.8328 -7.4273 7.615 -13.0834 -3.0748
6.5893 -12.7529 5.6252 10.2572 3.9591 5.1431 -0.1863 0.6494 6.8307 11.6047 -0.5741 1.9743 -2.2307 1.6709
-5.138833 -3.110733 -1.037233 -9.855033 -10.73753 -2.198233 -7.095433 -4.693033 -8.491633 -0.5685333 -11.66533 -4.489433 -6.819433 -4.391333
3.420233 0.9099333 -1.266667 1.380933 3.502233 2.109433 3.679633 5.658933 2.298333 2.014133 7.004633 -0.1290667 5.467433 0.7632333
-2.346533 -4.942333 5.128967 -6.825033 7.071367 5.688567 -2.349333 -9.191533 -8.960133 0.1499667 3.096367 6.303867 0.3540667 1.951967
4.198567 7.571067 1.630467 0.005766667 6.887567 -2.347533 4.951167 -1.275733 2.984467 13.94707 6.810867 6.265167 6.720767 3.126567
8.6587 0.3879 -0.8534 7.0286 6.4506 4.3683 5.6869 5.9328 2.3933 4.4573 -1.9338 3.24 3.3613 2.2554
14.74987 8.423367 5.529167 5.385067 0.4522667 8.772867 2.109767 7.661667 1.612867 9.394167 3.962667 -0.1841333 0.08366667 2.325167
-1.9256 5.4878 2.3898 2.519 5.0153 1.766 0.9447 3.6501 7.3616 -0.6615 7.3954 1.6858 -12.421 3.1587
2.769967 0.08586667 -0.4558333 6.183167 -0.8315333 1.623567 -4.830833 7.339867 1.253567 12.72597 0.8657667 -1.160033 1.005567 1.672067
12.95983 5.393833 -4.069067 9.626133 4.511833 5.844633 -1.758867 13.26403 -1.930667 4.078533 -2.190767 9.406533 10.65943 2.725933
-5.272 0.339 0.276 -5.0681 -5.1788 -3.8228 -3.152 0.164 5.5845 2.2787 7.0367 4.4201 5.8463 -0.482
-9.0252 5.3526 10.551 -15.71 -4.7028 6.9875 2.7637 -7.8798 0.7795 4.0287 7.4438 9.4671 15.2394 3.5698
2.4701 7.7537 5.2743 -0.0444 9.391 9.5094 0.4469 -3.9861 -6.946 10.6545 -9.6708 -8.3837 -1.4942 -0.9379
-0.8322667 5.233233 6.343433 7.703133 10.32253 6.246633 15.32473 14.70043 -2.185767 -10.83807 12.23133 4.168733 -9.731267 3.658233
-5.861733 11.12457 -4.474533 -4.705333 6.995867 -1.727033 1.101267 -10.04373 1.784067 0.7162667 -0.4283333 -3.075433 -1.267233 1.316067
18.32473 -2.984667 1.270033 9.753533 5.966333 11.86403 -3.241567 5.176733 2.959933 0.7773333 4.477233 11.30543 2.629033 2.845033
12.8463 -5.6738 -2.7835 3.2868 3.9308 -2.6629 1.2952 2.075 5.5297 18.4766 5.7793 -0.6742 -3.194 0.2909
-9.689533 -2.429733 2.940367 1.459367 6.487667 -1.750233 -1.181133 9.696567 9.586667 -6.790533 0.2715667 7.216067 -5.987633 0.3783667
-3.5586 -2.7654 -0.2355 -5.5963 -7.0191 -0.1415 1.3283 -0.8117 4.9693 12.0709 -2.1132 -1.729 15.151 0.9306
-1.021533 -0.07413333 3.575767 1.920867 6.655667 5.262767 4.098767 -1.087633 1.323867 0.1719667 -3.131133 -6.088433 -5.526733 1.866967
-7.684167 6.210433 2.705233 2.813933 -3.847567 1.244633 0.6747333 -7.320767 -11.72557 -6.654167 -0.4241667 -2.883167 6.590533 -0.1984667
8.156733 -2.047267 -1.449867 -2.606267 -11.05417 -3.964567 -2.698267 1.239633 0.7600333 -12.09797 1.362933 -1.885767 -5.612067 -5.003967
6.300067 2.539667 -0.8410333 4.133267 10.76797 3.118467 6.102267 6.691267 3.054067 -0.9890333 6.325667 -0.4208333 -4.118533 1.460567
8.428333 12.78353 9.280433 9.013233 5.739333 3.636733 1.030333 -5.454367 -7.140567 11.27873 7.881433 5.290133 5.418933 4.993133
3.198667 5.399767 1.584167 -8.840333 -0.7134333 -4.318233 9.082367 -0.4878333 0.8161667 -9.903033 7.252867 1.692267 1.161467 2.197267
23.39863 4.540633 9.429333 14.88133 6.148033 8.088433 9.878733 8.109633 4.380833 21.67713 6.748933 10.75103 9.518733 6.918433
-5.350367 -2.621167 -1.443667 -5.306467 -9.204667 -6.981967 -1.304667 -0.2126667 -1.935867 -6.914967 -7.361067 8.155433 0.1558333 -2.559667
3.128733 1.943033 7.079133 3.268533 5.136433 15.66123 2.291633 7.816133 0.3870333 4.307233 9.063633 9.536633 14.74933 5.712533
-8.5609 8.3004 3.4744 0.3877 -0.7099 -0.5214 8.1221 3.1695 1.9171 6.2333 4.6744 5.2163 0.0703 0.1753
-4.950033 -6.107533 -4.902833 2.127567 2.093667 -8.471833 -8.444633 -4.989733 -4.991033 -5.114333 -7.463533 -9.190233 0.7852667 -4.689733
16.5099 2.5851 9.5482 10.9719 5.3171 15.1728 2.3765 2.695 11.6656 -2.0693 7.4078 9.7579 3.1671 5.4106
7.616567 -2.372033 9.221267 9.270167 10.72047 -1.901433 5.791767 4.945867 7.492867 -2.325633 7.448867 5.282567 -3.430133 5.436867
3.924467 -0.9282333 2.037067 9.576367 7.315367 6.880867 10.88167 1.966067 0.9224667 8.598867 4.729367 6.783367 10.09037 3.934467
16.75367 1.463567 7.635767 4.352167 3.223767 -3.915933 -7.755833 16.99207 8.250267 24.57917 11.69027 12.29727 11.13427 7.391467
-4.376333 -6.840133 -12.91803 3.254667 -1.966833 -8.826733 -5.014133 -7.208033 4.770467 -12.57123 -8.872333 -7.592533 2.475867 -6.172933
4.1498 3.2555 3.3434 -7.5169 -4.0732 1.3516 2.4387 -0.7165 4.5294 12.9249 6.2251 4.893 20.0014 4.9029
-7.489667 5.716133 -1.587067 -4.933267 -2.158367 -0.9558667 -1.428367 -11.38977 -2.668967 -11.82477 4.279733 -4.872167 -16.97667 -3.861967
10.94227 -0.1876333 11.61207 -6.891733 3.358667 9.650067 6.639967 -7.962533 -2.002033 -1.239733 16.85047 0.6934667 0.03986667 4.030367
-4.8821 -5.2511 4.328 0.7434 6.2427 4.2373 -16.2093 4.2168 12.506 1.844 3.0758 13.009 -9.3769 1.1432
-6.0353 5.4102 -1.9047 -0.9355 -9.8621 1.1929 1.3317 8.1058 5.4642 -4.0272 -6.3877 -6.6525 6.1307 0.595
5.537833 6.282433 7.869333 13.24773 5.973933 12.50953 2.405133 -4.024867 10.48273 11.01033 12.55013 7.193433 -2.537567 6.620733
-0.9577667 -9.958967 -1.008267 0.4972333 10.32913 -2.989667 6.247533 -6.637267 14.16643 -5.620667 0.9528333 1.523933 11.25893 4.575433
11.1398 0.8344 -2.7058 3.4468 -6.0634 -3.0508 3.2963 12.2124 8.2056 18.5224 -4.4727 11.1328 -4.8062 0.4951
1.175533 -2.756567 1.636533 -3.929267 -11.64657 -3.476067 -1.688167 -10.57797 12.81663 -17.74667 -2.510667 0.01143333 -6.115167 -2.299267
-2.7022 -7.3507 8.1543 -4.1124 1.9368 6.7343 -11.6836 -5.37 13.3199 -4.07 -3.952 10.6447 -2.5592 3.5288
14.99227 -2.456933 -12.93493 -8.174733 -24.40863 3.978567 -9.006533 4.705167 -3.091333 -7.720233 -4.080033 -3.380333 -3.700233 -1.574833
-15.24233 -15.70733 -4.030333 -13.81043 -18.29323 -10.76433 -8.494833 -13.48313 -22.11883 -12.90833 -17.54323 -29.74013 -17.91603 -14.98803
13.71123 6.676633 -7.410267 5.568233 -8.050867 13.02163 7.188833 18.19623 4.937933 8.954333 20.62423 -0.8649667 -10.87107 5.855433
15.2342 18.8058 24.7631 1.3273 17.4386 3.8234 7.7277 11.2897 16.0743 13.4835 3.4825 13.4462 16.9643 7.6994
10.9759 8.6999 -1.5655 9.6464 -2.2973 -0.3675 1.4221 -6.2035 1.1302 3.4707 -3.2246 13.2189 23.057 5.5451
11.29197 3.672167 3.842467 -7.319033 -5.639533 2.864967 -12.01183 0.05506667 6.217567 9.080767 10.18777 2.070167 37.11007 5.271667
-0.9718667 -8.962567 -0.5286667 -5.551867 -1.312267 1.128633 8.777133 11.70873 5.107933 14.36843 -12.72477 0.2237333 -9.051267 3.739233
-7.6169 -5.5143 -1.8831 4.8248 0.0139 0.2174 -4.238 -2.9549 -3.8288 -15.6013 5.1586 5.0978 16.5909 -3.5983
4.0483 1.6353 9.0574 0.453 18.4675 9.1468 -4.8426 1.3275 -4.7957 1.9404 -4.9618 8.3627 -2.7322 3.5094
17.6608 27.5434 -4.2784 40.4316 10.3221 3.9206 25.4376 50.7806 13.2434 15.9559 22.8154 10.6298 20.8791 3.4369
10.645 -4.8602 -0.8414 -15.1323 -11.0475 -5.0878 -3.3975 -11.6975 -11.0299 19.1971 -7.2925 -7.7399 -3.1466 -2.872
11.04157 -2.604933 -4.798533 8.958567 2.813967 5.422167 1.003967 12.11917 -1.584333 6.349467 6.494167 7.290867 -1.407033 5.062967
-3.135467 6.638333 1.449933 -2.129167 -3.090467 -7.458267 0.7711333 -3.611467 -13.62837 3.787533 -9.151067 0.8696333 -17.89067 -3.583767
-1.192933 -7.053133 9.199467 -3.804833 1.573867 12.19967 7.706167 7.771567 7.080867 0.2633667 2.202867 3.970967 -5.560933 -1.018733
-3.25 -7.2879 -5.9316 -3.5909 -0.3064 -10.5367 1.2634 -4.2622 -3.9871 -14.1172 -0.861 -2.2082 -8.7847 -3.2452
-19.2067 19.0263 11.803 1.1001 -6.7055 13.6086 -1.446 -2.5198 9.794 -18.6557 20.4152 13.8357 10.3667 5.8489
4.5979 1.0656 3.034 -16.5807 18.0258 -1.1099 0.6926 7.7277 -8.3952 27.4629 -2.8768 -2.1676 -2.7447 1.4837
4.236167 2.319367 0.5459667 1.049167 1.097967 -10.55383 1.986567 26.28427 5.135967 19.62987 -13.47093 9.438667 -3.107933 5.351067
3.612267 -5.505433 -7.909433 -9.580133 0.2771667 -8.151133 -4.785633 -16.48253 -6.187733 -5.278533 -1.525233 -1.210233 -3.802133 -5.533733
-8.8188 -17.5651 -13.5114 -17.841 -18.6313 -16.477 -5.6508 -1.8078 -16.7942 23.7869 -17.2563 -19.0133 -12.1529 -2.4733
14.36763 8.909333 -36.17827 12.00353 6.434933 -2.904767 -0.04896667 2.080533 9.886233 -1.563367 22.77723 10.51793 10.61703 9.197833
-5.980167 2.872833 5.846933 0.3524333 5.778333 16.96603 -2.659367 -8.122867 19.77323 1.127533 0.2952333 0.06713333 -3.370267 -3.551267
-4.0655 3.9404 10.8146 -3.4936 2.4587 8.3902 -0.823 -10.0201 -11.7839 -11.4547 10.0989 7.8787 -6.2868 -2.674
1.563133 -5.193167 -14.38397 -11.91207 -10.92227 13.35263 -4.264267 -1.222867 -8.243267 28.97383 -14.72037 -3.946367 6.568133 1.919233
2.127433 -0.3877667 -0.5403667 1.060533 3.726333 -9.146967 8.670033 3.813633 8.951033 -13.05927 6.116233 8.409833 3.779633 -2.130767
17.0067 1.3423 8.1738 7.3824 -15.0942 -1.3725 3.3981 9.8231 -10.5494 10.0821 4.5636 3.7924 1.3221 5.5624
-15.2727 -4.6325 7.8923 -8.6633 1.1167 1.6754 -2.5161 -24.3722 4.1512 -20.0362 5.8676 2.2484 9.3885 -5.8483
-12.95357 17.74393 6.636333 4.387133 10.20513 -2.438667 5.526533 12.82413 3.885933 -4.632867 0.3071333 -1.612067 5.174233 -1.004067
-5.458367 5.451733 4.297733 11.60703 10.01213 8.381333 3.449633 -1.821367 -13.43287 -32.50337 2.433233 -8.951667 1.747933 -8.521067
-9.571733 0.9811667 4.277067 19.86897 12.65587 4.581667 20.16997 18.36617 2.541167 -0.4255333 16.91047 -0.4808333 -17.09183 -0.07553333
31.33553 -8.832067 -8.394067 -6.246867 -6.742967 -11.78667 -8.603467 9.690233 21.12813 16.32333 -7.463967 -14.54977 13.13443 3.034533
-11.09417 10.01803 -2.271967 -6.331567 -5.579067 4.446733 2.033433 -3.074067 -1.754667 -22.11627 -4.037067 -7.243167 -10.21277 -9.635767
-4.092033 -5.109633 -11.57403 6.314367 -10.54033 -10.49883 -8.217533 0.1629667 0.7463667 8.297167 -0.7108333 -6.248033 1.464067 -6.788833
19.3905 -12.7506 -3.8369 13.5576 12.6935 9.9782 14.2203 14.8374 5.5808 -9.4047 -5.3761 2.6315 0.6132 7.3589
-3.080867 1.466033 6.675833 7.586733 -9.335067 0.5586333 -0.1588667 4.287733 -17.70327 2.828833 0.4435333 -1.055667 -5.222067 0.2073333
0.7824667 -7.354533 -0.9757333 -7.879433 1.609567 2.855167 -4.068833 -8.981433 0.5305667 -2.473633 -1.671433 -8.173033 0.2091667 -2.791233
-7.1863 8.491 11.6197 10.4967 10.5397 7.9075 -2.2382 -0.724 3.455 -14.0687 -1.0894 3.857 2.6179 -1.3697
-5.1465 1.7591 4.1272 -9.5359 2.6282 -2.5166 -6.6976 -2.7271 -21.0888 -6.16 0.1759 -9.975 1.4846 -6.6908
-8.4541 0.1507 -2.0541 -10.62 -12.5897 4.8834 -5.6955 -18.8716 -12.9024 -30.7241 -3.6106 -20.4287 -12.9278 -8.3923
17.646 -10.6477 1.7021 0.4227 -1.8285 4.3507 5.8972 4.3669 -6.8082 4.6798 -11.3161 1.3685 11.6023 1.6299
6.932167 4.636067 4.831967 5.881767 7.954467 0.7420667 10.19097 19.45987 17.85037 30.50367 8.856867 11.66887 11.47997 7.361767
4.504867 3.142667 2.015067 10.04477 9.586567 1.318367 3.027267 -8.042433 -17.14193 -6.370933 1.424567 8.306467 12.98607 0.6165667
-10.9427 0.6986 3.5653 -3.238 0.5725 -2.8279 -6.2368 0.7064 -2.1731 7.5061 7.1779 0.535 3.0815 -1.6949
-9.069967 3.670133 3.663333 10.25753 8.861933 6.063433 6.657633 5.072033 -2.889267 -9.144667 0.9552333 1.529433 7.904433 -2.220767
5.843533 3.604833 6.101533 2.264833 -4.655767 6.501033 -2.625167 0.3033333 10.67073 -10.58657 5.181333 12.22393 0.2656333 3.524733
-19.60483 0.5836667 0.4671667 -3.450233 -1.877733 -1.821533 9.238467 -9.973733 -3.114833 -4.825633 3.399167 0.1740667 -11.21043 -6.285133
-3.916867 -0.4512667 -0.9307667 -4.446667 4.860333 -3.753667 0.05453333 3.088233 10.79333 11.49323 2.847033 3.513433 4.268433 -1.052267
-10.64507 -4.177367 0.4013333 -6.493267 2.241333 -14.95827 -2.078967 -5.373267 -9.490067 -19.68067 -4.607267 -14.70297 -1.068467 -7.388167
-2.3622 -1.6723 -0.028 -8.1073 -12.4156 1.276 2.1608 -18.0887 -15.3275 -7.5353 1.4581 -2.8382 -4.728 -8.0395
7.1519 -2.117 -0.5171 -2.5064 9.1463 2.7235 -0.3416 -7.3808 -12.7556 -5.2233 3.0305 2.1339 -7.2008 0.3531
-22.78113 -4.982133 0.6876667 -14.84713 -0.6802333 -0.5593333 -12.12463 -23.21273 -16.87333 -12.64513 -7.857633 -13.66883 5.714267 -11.13713
35.24823 -9.206567 -0.7134667 10.56153 1.936533 8.503733 15.29983 14.16883 -12.78477 35.25823 4.664833 16.77023 6.099633 8.511933
10.1965 -2.3938 -4.5344 22.0517 10.1583 -2.6982 2.6783 16.398 34.4129 23.1886 -7.9884 6.9363 -1.2681 5.6045
-10.93667 -5.166767 1.568933 -8.475967 -10.03077 -5.904167 -5.143467 -10.94067 -18.37687 -10.57147 1.329133 -9.089667 3.134633 -6.132467
0.8057 -2.5201 -0.051 -3.1377 -8.0582 -0.2837 0.9163 -13.3108 -1.0652 0.1905 0.9693 0.4117 -3.0853 -2.839
-0.2254 -1.1554 -4.4331 6.7693 -2.0406 -1.8789 1.0908 4.3537 -8.7693 -9.0579 -3.7285 -5.5858 -2.3789 -1.7979
0.5216333 -0.1596667 8.689133 4.586733 -4.685767 10.23943 3.622833 -5.557567 -9.709567 -1.482167 -0.8879667 -1.136467 7.143233 0.7416333
8.155233 9.386733 1.264633 7.527733 12.05563 -2.703467 -3.162667 18.99773 38.20373 4.728933 7.174133 14.07973 8.640133 8.010233
3.797733 4.250833 2.103333 -0.9446667 -0.9067667 -3.229667 0.7756333 7.237433 1.852533 19.54273 0.6153333 9.947833 6.757833 5.000733
-6.369267 0.9824333 -2.951867 6.653933 5.075633 -4.952467 1.908033 3.539733 4.590033 9.564333 4.271133 0.2834333 -3.046367 1.055533
-1.5902 -7.248 -1.0337 21.7719 11.041 0.0991 8.624 8.827 1.4719 -0.6853 0.1829 5.8088 3.7296 1.5474
1.053133 5.520033 -0.7392667 6.382933 11.20483 -3.882967 2.010733 3.305733 4.441633 -5.936467 0.03953333 1.913133 4.129533 1.708133
7.628067 0.9977667 6.256867 -4.240933 -5.351733 -0.1993333 -3.117533 -8.481733 -6.912233 -2.536933 2.634067 -0.05613333 -3.982933 -1.272733
1.225233 2.826733 6.306633 6.910533 13.63553 1.559033 14.11183 20.60373 13.47953 15.16093 9.282533 4.295233 17.50833 5.419533
1.2859 2.5924 -2.1632 3.7025 0.9288 -1.6471 0.5565 4.3254 8.7436 -2.6324 2.5148 -2.6771 -4.1166 0.6354
2.2886 9.534 3.7072 9.09 6.5231 4.712 7.5034 15.7433 21.1371 5.9508 2.6461 5.6568 -7.1451 5.0015
6.993967 -0.1241333 1.583667 -5.517833 -3.839633 3.333567 -7.059133 -10.12593 -8.573333 3.496567 -2.586533 7.411667 -0.3992333 1.654267
-2.6674 9.4382 1.3372 -3.1237 2.5263 1.289 -0.9752 9.9869 -5.5108 -4.6172 0.6018 2.9703 2.0034 1.1434
-4.907333 -1.902733 2.233667 4.304467 8.266667 -5.995633 4.856267 -7.497633 -1.387433 0.8463667 -1.264033 -2.830133 9.444067 -1.714233
-4.074433 3.645867 1.227967 -1.305133 -1.910633 6.447667 5.552567 -11.43603 13.84947 -13.82613 -0.4489333 -5.671433 -4.402433 -1.757433
0.5955 0.6026 1.8724 -3.1469 -3.5242 3.5519 -1.8889 2.1914 -3.4053 7.7323 4.8566 3.4901 2.2373 1.1233
-0.6025333 0.4707667 0.8772667 5.322167 7.078367 -0.1237333 6.339267 5.421367 5.281367 -0.3883333 -2.775933 1.432667 11.01137 1.693067
-1.336033 -2.858233 -3.858033 -7.084633 -10.56133 -0.8828333 -8.609933 -3.138433 -5.414333 -4.613233 0.2036667 -2.310133 0.1217667 -3.539933
-2.650033 3.981567 7.201667 -1.198333 0.6090667 5.512667 0.3137667 1.437667 -4.267333 -11.33923 3.046867 -0.5810333 0.01096667 0.1053667
1.1023 -2.7012 -3.4428 10.5227 2.3281 -3.184 -3.0394 3.5994 -0.5627 5.1168 1.3604 2.7413 4.4606 0.7989
4.530233 -7.763967 -5.117067 0.4748333 -7.536267 3.492633 -3.147767 -3.391667 -6.694667 -0.6266667 0.004233333 3.215133 6.190133 1.254733
5.0308 6.4305 4.3214 13.4977 19.8175 3.6387 2.8957 4.8429 8.6533 7.0086 4.0639 4.8021 4.1185 3.687
4.4228 5.5679 2.8093 6.3276 3.9301 4.9568 2.9335 -7.7163 3.0615 5.0675 0.4327 1.0022 3.5321 3.0633
-5.428467 -0.6500667 -3.099067 -8.398467 -6.874267 1.824133 2.596133 -6.273067 -9.552067 -6.774967 -1.561867 -5.338767 -3.077667 -2.723167
-0.9181667 0.5057333 -0.4746667 6.466233 2.208033 1.619833 -0.2116667 9.141133 -4.160067 5.964933 -2.560767 1.287833 2.015233 1.678633
-1.524533 0.07476667 -0.3978333 -4.026333 -5.389333 2.149767 1.856467 -5.614433 -10.66313 5.637067 0.4789667 -5.140633 -4.073733 -2.140133
-16.64667 -5.221767 2.466433 -3.490667 -7.069167 1.957133 -10.99137 -4.739767 -18.94307 -6.931767 0.002433333 2.357433 -9.811267 -2.242567
-1.061467 2.773733 1.610033 6.645733 5.535633 -1.985167 0.5479333 -6.335867 9.313233 9.729133 1.348233 1.945533 5.025233 2.758533
-2.0344 -2.2528 -4.5993 1.0276 -0.7766 -3.3772 -5.9226 -3.8268 2.3577 4.5504 1.6893 -1.176 -9.5631 -0.2618
12.21147 1.600967 5.722167 13.38187 12.00837 -1.868333 3.466067 7.079567 5.591067 4.453067 -0.6580333 3.056867 3.533667 3.328467
-3.449867 -2.545167 -0.5562667 2.644133 -11.37057 -0.6618667 -4.859967 -4.243867 -7.456167 12.46723 -2.242967 0.1497333 -3.438067 -1.408867
-0.7812 -4.0398 6.8888 5.5899 -6.2042 -0.4585 2.8211 -9.1316 -1.3883 5.1905 -2.0462 3.6976 6.8 0.4099
1.760133 -4.827867 -5.674067 -10.36877 -1.158867 -1.352167 3.262233 -0.8414667 -14.91367 -4.281767 2.473833 -1.575867 5.199833 -2.083267
8.494467 3.441667 1.819867 9.545467 13.96477 -1.185633 3.519767 13.13897 -2.606933 5.489767 4.942467 2.991867 5.866167 3.195267
-7.860767 1.574833 0.8823333 -0.3414667 -1.549867 -2.996267 -1.572867 7.556133 -5.367267 -3.559767 -0.3559667 -0.2463667 5.668433 -0.4193667
-1.448233 -4.594733 2.462867 17.61447 5.005667 -4.612933 -6.482333 6.173567 12.08187 8.553367 -1.101433 1.803667 -2.519933 2.193367
-1.426967 3.237233 0.8126333 7.259733 5.915633 0.3955333 1.417733 -6.813567 -7.478767 4.858533 3.415333 2.357233 5.651633 -0.3238667
2.403367 -1.879733 -4.213633 -2.113633 3.780467 2.347467 2.477867 3.853367 -0.5013333 0.1422667 -0.8898333 -2.844333 5.013967 0.7306667
-0.5409333 0.8796667 1.160967 5.437567 10.66027 -1.413433 12.48497 10.15327 -11.81553 -1.690333 7.163267 2.242767 1.555767 0.8353667
-2.992333 3.262867 -7.196333 -4.077033 -2.876833 2.993467 -1.926733 -6.047533 2.628267 -0.6705333 -3.013833 0.6287667 -5.483233 -3.485033
-4.253967 2.106233 2.089333 1.698133 -2.408467 -0.8973667 -3.853667 1.618533 -3.611467 -2.313967 0.6706333 -2.496267 6.629333 -0.3904667
0.3555 -1.466 1.2242 -4.8566 -13.4919 3.9767 -13.2514 -7.86 -3.4428 0.3135 7.4289 -2.3103 -10.8096 0.0961
4.573067 3.599767 9.729067 -6.791233 7.206867 3.559467 2.086667 -4.453433 25.07397 14.15887 -3.565133 0.5086667 -3.927833 1.714067
0.7971667 3.299967 -0.2716333 -1.229733 7.537667 0.03216667 3.392767 -2.324533 -3.746133 0.1735667 3.714267 6.336867 7.260267 2.055767
12.27 1.3648 2.3651 -7.6896 1.0439 3.3781 5.5293 2.6927 1.9386 5.1774 -0.106 2.9424 4.982 2.7408
-0.5307667 -0.4868667 -1.358167 1.762633 12.35703 -2.065967 3.495033 7.924533 -2.223267 1.446833 -2.533467 1.162433 0.3653333 1.235033
5.285533 2.559533 1.952933 -1.532667 -0.9145667 -0.2372667 -4.737567 -4.125667 -8.030267 4.182733 0.5039333 2.916633 -6.225867 0.8574333
1.6437 1.7189 1.0009 4.5418 5.0652 0.7665 -5.073 7.7823 7.8407 4.659 1.3848 -4.206 1.2237 0.9909
-6.379867 -2.436467 -2.546467 0.1427333 7.568433 -5.651167 -0.06926667 3.017333 -3.125167 -9.499567 -3.815567 -2.737967 3.050033 -2.603767
1.008633 1.088333 -0.9314667 3.623733 0.3178333 -4.654467 2.760533 1.054933 -0.6644667 1.799233 -1.189767 -1.238067 -6.285767 0.5863333
8.028267 3.507167 2.111567 8.381267 0.2937667 6.165667 7.889367 4.284467 1.495267 4.576767 3.834667 7.431067 -2.258233 3.923267
4.292233 -0.6892667 -1.714067 7.812933 9.724633 -1.227267 6.456133 16.39933 3.337133 8.077633 0.9432333 6.709833 5.467033 2.860733
-1.650567 -5.372867 -4.097767 -0.7404667 0.2052333 -2.992067 -1.714267 -2.201067 12.56543 -2.593767 -2.933367 -6.232167 -0.8768667 -2.165767
4.728933 0.1664333 1.265233 0.6966333 -0.6666667 -2.219267 2.052533 -6.150467 -10.06197 2.758333 -4.382367 -4.471667 -0.6089667 -3.599867
5.4702 1.7609 5.2271 -4.1952 12.6379 2.4682 2.5177 -4.2767 -8.5756 6.8627 8.7705 -0.2133 -1.3072 0.9364
0.6270333 2.733033 7.377533 3.186433 9.127533 6.003733 2.522333 6.765933 8.382633 0.7295333 -2.841967 0.9552333 -4.727867 3.255233
-1.7511 0.5717 -0.9932 -4.7366 4.041 -1.1317 -8.0403 1.311 4.1509 3.4709 -4.8449 2.5889 -1.6711 1.1572
-9.3493 -1.796 6.1717 -3.9047 10.6378 4.3078 -3.3063 -8.4059 -15.6051 -1.2787 -4.0067 -3.5047 -4.9851 -4.6768
2.5262 -0.1641 -1.0338 0.6679 8.4462 -1.7853 1.0231 0.2449 -10.6362 -1.4228 -7.1572 -12.0506 -9.5929 -1.1128
-1.144967 -5.579567 -10.64867 -1.896767 -6.199967 -5.566467 -5.767567 -9.695667 -1.566467 -13.62057 12.65593 -5.438667 4.424833 -6.345467
6.498733 -0.8623667 0.9850333 1.710933 -2.860567 -1.388267 -1.118267 12.57643 -1.833267 9.086833 -13.49827 -14.07857 -5.738167 -3.652767
1.0192 -0.1817 5.7729 8.135 -5.4095 4.5916 0.8516 -3.0129 -12.5093 -4.3545 -0.5497 3.252 5.16 -0.701
4.7214 -0.975 -3.8466 4.9378 4.4052 3.3147 -2.9502 -3.1857 44.2981 1.4037 2.1262 10.1395 3.3456 4.6472
7.502933 -0.4410667 -1.635567 0.7840333 -3.391467 0.01983333 1.364233 16.56083 -17.81967 1.387633 -6.429867 -3.621867 -4.483367 0.9232333
-8.5765 -5.5469 -8.0884 -10.8278 -11.1336 -3.751 -10.4309 -12.3994 -29.4197 -6.0411 -14.0106 -18.8821 -14.1229 -8.7512
7.836867 -3.397833 8.201567 -5.391833 -2.867033 6.283167 1.013767 -5.385733 -0.3437333 1.198667 27.31677 -1.118033 -0.07233333 -1.121733
-4.636233 6.514067 6.408267 1.597167 0.4410667 3.391067 2.285967 -4.439633 -7.226633 4.588767 0.9798667 6.753267 4.904867 1.075767
-4.012667 5.969333 -0.2088667 -15.83007 -29.55427 -1.726967 -4.689167 -29.81717 16.49773 -1.372967 23.88993 -10.80487 -4.525467 -9.173267
-20.56713 -5.530833 -6.871733 -35.25713 -22.15683 -11.51653 -5.926133 -49.12583 -57.94043 -17.27033 -9.328433 -21.92993 -17.35083 -16.99833
-11.70773 -5.726433 -0.3102333 7.287867 -9.740933 -3.765433 4.851967 -4.972333 22.81517 -7.852833 -14.17153 -15.25223 8.061267 -7.500733
3.1348 -7.7374 -3.9341 8.9753 10.8852 2.1313 -14.0321 4.6443 -14.8724 3.0871 2.0397 -20.4229 -9.0471 0.7797
