date            rtn
19260130       0.042945
19260227      -0.005882
19260331      -0.089497
19260430       0.056010
19260528      -0.008904
19260630       0.091698
19260731       0.048246
19260831       0.009763
19260930      -0.019337
19261030      -0.068182
19261130       0.071646
19261231      -0.036984
19270131      -0.010432
19270228       0.031627
19270331       0.017518
19270430       0.109986
19270531       0.087353
19270630       0.050360
19270730       0.179724
19270831       0.099609
19270930      -0.023091
19271031      -0.105311
19271130       0.089048
19271231       0.028195
19280131      -0.038674
19280229      -0.013410
19280331       0.242718
19280430       0.028302
19280531      -0.022936
19280630      -0.032864
19280731      -0.013115
19280831       0.109635
19280929      -0.007485
19281031       0.001517
19281130       0.213636
19281231       0.116105
19290131       0.160271
19290228      -0.044747
19290328      -0.026477
19290430       0.025210
19290531       0.095287
19290629       0.222638
19290731       0.162433
19290830       0.047682
19290930      -0.091656
19291031      -0.296581
19291127      -0.144841
19291231       0.136891
19300131       0.190965
19300228       0.050000
19300331       0.115271
19300430       0.025148
19300529      -0.028860
19300630      -0.160178
19300731       0.005338
19300829       0.044248
19300930      -0.167458
19301031      -0.174180
19301129      -0.037221
19301231      -0.092268
19310131       0.008596
19310228       0.193182
19310331      -0.075714
19310430      -0.088312
19310529      -0.119658
19310630       0.136570
19310731      -0.080460
19310831       0.015625
19310930      -0.326154
19311031       0.133333
19311130      -0.089796
19311231      -0.088789
19320130      -0.230000
19320229       0.025974
19320331      -0.101266
19320430      -0.235714
19320531      -0.355140
19320630       0.113043
19320730       0.526316
19320831       0.431034
19320930      -0.097590
19321031      -0.174497
19321130      -0.081301
19321231       0.133184
19330131      -0.008197
19330228      -0.206612
19330331       0.050000
19330429       0.560000
19330531       0.141026
19330630       0.083146
19330731      -0.078125
19330831       0.112994
19330930      -0.193909
19331031      -0.101266
19331129       0.126761
19331230      -0.020000
19340131       0.160256
19340228      -0.082873
19340331       0.085542
19340430      -0.039106
19340531      -0.075581
19340630       0.007547
19340731      -0.088050
19340831       0.048276
19340929      -0.011842
19341031      -0.046980
19341130       0.169014
19341231       0.079518
19350131       0.056180
19350228      -0.015957
19350330      -0.042162
19350430       0.085227
19350531       0.026178
19350629       0.052041
19350731       0.141463
19350831       0.064103
19350930       0.082731
19351031       0.063433
19351130       0.063158
19351231       0.015182
19360131       0.029412
19360229      -0.015873
19360331      -0.003226
19360430      -0.068404
19360529       0.048951
19360630       0.006667
19360731       0.166667
19360831       0.080000
19360930      -0.042328
19361031       0.088889
19361130       0.068878
19361231       0.060533
19370130       0.159817
19370227      -0.035433
19370331      -0.042449
19370430      -0.077253
19370528      -0.011628
19370630       0.002824
19370731       0.104019
19370831      -0.098501
19370930      -0.144418
19371030      -0.030812
19371130       0.000000
19371231      -0.026627
19380131      -0.042553
19380228       0.019048
19380331      -0.304050
19380430       0.162896
19380531      -0.035019
19380630       0.300806
19380730       0.040498
19380831      -0.002994
19380930       0.022823
19381031       0.100295
19381130      -0.075067
19381231       0.013333
19390131      -0.074713
19390228       0.034161
19390331      -0.171171
19390429      -0.007299
19390531       0.062500
19390630      -0.093426
19390731       0.169231
19390831      -0.078947
19390930       0.182143
19391031      -0.027356
19391130      -0.024375
19391230       0.052117
19400131      -0.061920
19400229      -0.009901
19400330       0.049333
19400430      -0.041667
19400531      -0.197324
19400629       0.061667
19400731       0.067460
19400831       0.011152
19400930       0.043382
19401031       0.007117
19401130      -0.048057
19401231       0.007605
19410131      -0.003774
19410228      -0.003788
19410331      -0.008365
19410430      -0.104651
19410531      -0.012987
19410630       0.143860
19410731      -0.015504
19410830       0.031496
19410930      -0.016031
19411031      -0.133333
19411129      -0.032579
19411231       0.022749
19420131       0.018779
19420228      -0.041475
19420331      -0.077885
19420430      -0.026455
19420529       0.086957
19420630       0.049000
19420731       0.014493
19420831       0.009524
19420930       0.050943
19421031       0.068182
19421130      -0.004255
19421231       0.054701
19430130       0.114754
19430227       0.047794
19430331       0.055439
19430430      -0.023490
19430529       0.044674
19430630       0.055263
19430731      -0.081761
19430831       0.013699
19430930       0.056757
19431030      -0.058065
19431130      -0.047945
19431231       0.071223
19440131      -0.010169
19440229      -0.041096
19440331       0.035000
19440429      -0.003484
19440531       0.010490
19440630       0.061592
19440731      -0.016447
19440831       0.016722
19440930      -0.010526
19441031       0.036913
19441130       0.016181
19441230       0.015287
19450131      -0.018987
19450228       0.096774
19450331      -0.043529
19450430       0.086957
19450531       0.011429
19450630      -0.027684
19450731       0.020528
19450831       0.086207
19450929       0.032275
19451031      -0.023256
19451130      -0.018519
19451231       0.038275
19460131       0.057592
19460228      -0.051980
19460330      -0.009922
19460430      -0.023936
19460531       0.087193
19460628      -0.039599
19460731      -0.015789
19460830      -0.080214
19460930      -0.077907
19461031      -0.057325
19461130      -0.054054
19461231       0.036429
19470131       0.090592
19470228      -0.038339
19470331      -0.045847
19470430      -0.021127
19470529      -0.010791
19470630       0.044364
19470731       0.073944
19470829      -0.036066
19470930       0.004082
19471031       0.000000
19471129      -0.041096
19471231       0.032857
19480131      -0.038462
19480228      -0.050909
19480331       0.115709
19480430      -0.031250
19480528       0.204301
19480630      -0.011310
19480730      -0.069909
19480831       0.032680
19480930       0.000000
19481030       0.083333
19481130      -0.118343
19481231       0.057047
19490131      -0.016077
19490228      -0.058824
19490331       0.065972
19490430      -0.023102
19490531      -0.050676
19490630       0.003559
19490729       0.068345
19490831       0.003367
19490930       0.010067
19491031       0.006734
19491130       0.070234
19491231       0.078125
19500131       0.047478
19500228       0.048159
19500331       0.012973
19500429       0.045946
19500531       0.018088
19500630      -0.066497
19500731       0.013774
19500831       0.038043
19500929       0.007330
19501031       0.023684
19501130       0.000000
19501230       0.057218
19510131       0.095477
19510228       0.025229
19510331      -0.008949
19510430       0.016018
19510531      -0.033784
19510629      -0.002331
19510731       0.059242
19510831       0.067114
19510928       0.041929
19511031      -0.083503
19511130      -0.004444
19511231       0.075893
19520131      -0.021008
19520229      -0.053648
19520331       0.088435
19520430      -0.037975
19520529       0.046053
19520630       0.067086
19520731       0.001988
19520829       0.001984
19520930       0.013861
19521031      -0.015810
19521128       0.128514
19521231       0.046263
19530130      -0.051546
19530227       0.000000
19530331       0.003623
19530430       0.027372
19530529       0.024867
19530630      -0.005199
19530731       0.031690
19530831      -0.034130
19530930       0.045936
19531030       0.114334
19531130       0.108729
19531231      -0.011173
19540129       0.062857
19540226       0.079301
19540331       0.074720
19540430       0.153216
19540528      -0.047667
19540630       0.185942
19540730      -0.043478
19540831      -0.056818
19540930       0.063855
19541029      -0.037143
19541130       0.086053
19541231       0.030601
19550131       0.064171
19550228       0.047739
19550331      -0.042686
19550429       0.065657
19550531      -0.018957
19550630       0.034300
19550729      -0.035294
19550831       0.034146
19550930      -0.049057
19551031      -0.065000
19551130       0.149733
19551230       0.083721
19560131      -0.060606
19560229       0.073733
19560329       0.100858
19560430      -0.031434
19560531      -0.070994
19560629       0.074236
19560731       0.047131
19560831      -0.039139
19560928      -0.079430
19561031       0.066964
19561130      -0.008368
19561231       0.025316
19570131      -0.107884
19570228       0.030233
19570329       0.060948
19570430       0.087983
19570531       0.053254
19570628       0.033708
19570731       0.018248
19570830      -0.064516
19570930      -0.070881
19571031       0.004158
19571129       0.078675
19571231      -0.047985
19580131       0.022358
19580228      -0.041750
19580331       0.002075
19580430      -0.010438
19580529       0.008439
19580630       0.012552
19580731       0.047917
19580829       0.011928
19580930       0.045187
19581031       0.032197
19581128       0.023853
19581231       0.130824
19590130      -0.009569
19590227       0.027375
19590331       0.026646
19590430       0.027650
19590529      -0.025411
19590630      -0.009202
19590731       0.012461
19590831       0.007692
19590930      -0.030534
19591030       0.023772
19591130       0.134675
19591231       0.087312
19600129      -0.137453
19600229       0.046784
19600331       0.009777
19600429      -0.013908
19600531       0.008463
19600630       0.037762
19600729      -0.082656
19600831      -0.028065
19600930      -0.101824
19601031      -0.005111
19601130       0.027397
19601230       0.000000
19610131      -0.048658
19610228      -0.074074
19610330      -0.001905
19610428      -0.057692
19610531       0.057143
19610630      -0.011583
19610731       0.045276
19610831       0.067797
19610929       0.065256
19611031      -0.013333
19611130       0.064189
19611229      -0.038095
19620131      -0.003322
19620228      -0.005000
19620330       0.036851
19620430      -0.108943
19620531      -0.040146
19620629      -0.087452
19620731       0.115546
19620831       0.032015
19620928      -0.060219
19621031       0.060665
19621130       0.103321
19621231       0.033445
19630131       0.019544
19630228      -0.070288
19630329       0.032646
19630430       0.055276
19630531       0.066667
19630628      -0.053571
19630731      -0.011076
19630830       0.043200
19630930      -0.019939
19631031       0.055118
19631129      -0.014925
19631231       0.062727
19640131       0.008608
19640228      -0.025605
19640331       0.025401
19640430      -0.055874
19640528      -0.016692
19640630      -0.008642
19640731       0.045455
19640831       0.007496
19640930       0.070536
19641030      -0.020979
19641130       0.058571
19641231       0.012686
19650129       0.065684
19650226       0.005031
19650331       0.001752
19650430       0.047739
19650528      -0.008393
19650630      -0.067231
19650730       0.046936
19650831       0.042341
19650930       0.124492
19651029       0.010684
19651130      -0.038055
19651231       0.043077
19660131      -0.027542
19660228      -0.050109
19660331       0.010550
19660429       0.049087
19660531      -0.093580
19660630       0.025450
19660729      -0.100118
19660831      -0.109948
19660930       0.007647
19661031       0.122059
19661130       0.027523
19661230      -0.090306
19670131      -0.007062
19670228      -0.018492
19670331      -0.008406
19670428       0.117820
19670531      -0.093544
19670630       0.017733
19670731       0.243165
19670831       0.011574
19670929       0.032265
19671031      -0.054627
19671130      -0.017689
19671229      -0.071789
19680131      -0.084635
19680229      -0.003983
19680329      -0.005755
19680430       0.109986
19680531      -0.074055
19680628      -0.021277
19680730      -0.021739
19680830      -0.002963
19680930       0.021100
19681031       0.114370
19681129       0.048684
19681231      -0.051192
19690131      -0.011984
19690228      -0.060377
19690328       0.066474
19690430       0.059621
19690529      -0.035806
19690630      -0.038196
19690731      -0.043056
19690829      -0.027576
19690930       0.022687
19691031      -0.010294
19691128      -0.047548
19691231      -0.024649
19700130      -0.066129
19700227      -0.025907
19700331       0.055319
19700430      -0.033898
19700529      -0.068421
19700630       0.026742
19700731       0.138889
19700831       0.021138
19700930       0.083121
19701030       0.019259
19701130       0.027616
19701231       0.069590
19710129       0.057257
19710226       0.089421
19710331       0.041850
19710430       0.097098
19710528      -0.024415
19710630       0.019395
19710730      -0.121399
19710831       0.161592
19710930      -0.002419
19711029      -0.052846
19711130       0.025751
19711231       0.053975
19720131      -0.009980
19720229      -0.022177
19720330       0.071753
19720428       0.046422
19720531       0.016636
19720630      -0.038545
19720731      -0.041825
19720831       0.055556
19720929       0.003383
19721031      -0.037665
19721130       0.068102
19721229       0.073665
19730131      -0.039451
19730228      -0.039643
19730330      -0.035514
19730430      -0.081395
19730531       0.004219
19730629      -0.029832
19730731       0.093682
19730831      -0.057769
19730928       0.072304
19731031       0.037698
19731130      -0.028298
19731231      -0.001980
19740131      -0.049603
19740228      -0.047599
19740329      -0.041943
19740430      -0.059908
19740531      -0.053922
19740628       0.029016
19740731      -0.126904
19740830      -0.119186
19740930      -0.164356
19741031       0.224000
19741129      -0.029412
19741231      -0.090236
19750131       0.157303
19750228       0.152751
19750331       0.042493
19750430       0.000000
19750530      -0.013587
19750630       0.168595
19750731      -0.102138
19750829      -0.021164
19750930      -0.040000
19751031       0.093750
19751128       0.002597
19751231      -0.035751
19760130       0.214092
19760227      -0.046875
19760331      -0.008899
19760430       0.023810
19760528      -0.053488
19760630       0.130713
19760730      -0.045952
19760831      -0.027523
19760930       0.029717
19761029      -0.013857
19761130      -0.051522
19761231       0.107654
19770131      -0.049438
19770228      -0.044917
19770331      -0.018317
19770429       0.096692
19770531       0.006961
19770630       0.051613
19770729      -0.037611
19770831      -0.018391
19770930      -0.029508
19771031      -0.021951
19771130       0.010973
19771230      -0.004988
19780131      -0.082707
19780228      -0.021858
19780331       0.054190
19780428       0.120643
19780531       0.011962
19780630      -0.032624
19780731       0.061881
19780831       0.011655
19780929      -0.013364
19781031      -0.101655
19781130       0.005789
19781229       0.000000
19790131       0.023873
19790228      -0.033161
19790330       0.043478
19790430       0.023438
19790531       0.014249
19790629       0.017812
19790731       0.035000
19790831       0.028986
19790928      -0.033803
19791031      -0.046798
19791130      -0.032041
19791231       0.097561
19800131       0.086420
19800229      -0.073636
19800331      -0.042289
19800430      -0.012987
19800530       0.057895
19800630       0.040404
19800731       0.092233
19800829      -0.031111
19800930      -0.020642
19801031       0.028504
19801128       0.143187
19801231       0.002020
19810130       0.000000
19810227       0.089796
19810331       0.014981
19810430      -0.020522
19810529       0.001905
19810630      -0.046768
19810731      -0.014141
19810831      -0.084016
19810930      -0.003579
19811030      -0.011390
19811130       0.112903
19811231      -0.036439
19820129       0.089325
19820226       0.006000
19820331       0.020676
19820430       0.011834
19820528      -0.035088
19820630       0.042020
19820730       0.033399
19820831       0.144487
19820930       0.004651
19821029       0.148829
19821130       0.087045
19821231       0.025676
19830131       0.090909
19830228       0.048309
19830331      -0.024424
19830429       0.065476
19830531      -0.075978
19830630       0.073277
19830729      -0.093182
19830831       0.025063
19830930       0.041076
19831031      -0.018957
19831130       0.113527
19831230       0.026258
19840131      -0.072495
19840229      -0.043678
19840330       0.064904
19840430       0.011390
19840531      -0.042793
19840629      -0.002353
19840731       0.000000
19840831       0.078571
19840928      -0.006623
19841031       0.031390
19841130      -0.027391
19841231       0.022573
19850131       0.128035
19850228       0.004697
19850329      -0.070727
19850430       0.000000
19850531       0.034672
19850628       0.020619
19850731       0.036364
19850830      -0.048733
19850930      -0.048361
19851031       0.002174
19851129       0.138829
19851231       0.117410
19860131      -0.025773
19860228       0.101658
19860331       0.012903
19860430      -0.004777
19860530       0.020800
19860630       0.022947
19860731      -0.098765
19860829       0.077055
19860930      -0.078474
19861031       0.060870
19861128       0.088525
19861231       0.043735
19870130       0.165698
19870227       0.031172
19870331       0.020605
19870430      -0.013111
19870529       0.004831
19870630       0.052019
19870731       0.089655
19870831       0.054852
19870930      -0.010720
19871030      -0.229675
19871130      -0.105541
19871231       0.049558
19880129       0.022663
19880229       0.008310
19880331      -0.104945
19880429       0.000000
19880531       0.040248
19880630       0.052976
19880729      -0.025641
19880831      -0.055556
19880930       0.082972
19881031       0.005764
19881130       0.031519
19881230       0.003556
19890131       0.081006
19890228      -0.054264
19890331      -0.018361
19890428       0.098315
19890531       0.117647
19890630      -0.047414
19890731       0.133172
19890831      -0.014957
19890929      -0.012408
19891031      -0.019912
19891130       0.119639
19891229       0.047903
19900131      -0.034884
19900228      -0.000482
19900330       0.040486
19900430      -0.003891
19900531       0.083516
19900629       0.005445
19900731       0.034296
19900831      -0.134380
19900928      -0.113387
19901031      -0.045872
19901130       0.052885
19901231       0.057260
19910131       0.115468
19910228       0.070469
19910328       0.023897
19910430       0.016158
19910531       0.099081
19910628      -0.042071
19910731      -0.010135
19910830       0.022184
19910930      -0.066644
19911031      -0.005405
19911129      -0.061594
19911231       0.189961
19920131      -0.016340
19920228       0.044850
19920331      -0.029571
19920430       0.011551
19920529      -0.003263
19920630       0.025205
19920731      -0.016077
19920831      -0.032680
19920930       0.065405
19921030      -0.019169
19921130       0.084691
19921231       0.034595
19930129       0.007310
19930226      -0.023222
19930331       0.066924
19930430       0.016830
19930528       0.023448
19930630       0.039137
19930730       0.028721
19930831      -0.002538
19930930      -0.017761
19931029       0.011734
19931130       0.014175
19931231       0.073393
19940131       0.027414
19940228      -0.022042
19940331      -0.044176
19940429      -0.047500
19940531       0.044619
19940630      -0.055578
19940729       0.080429
19940831      -0.012407
19940930      -0.025427
19941031       0.015584
19941130      -0.058824
19941230       0.117609
19950131       0.009804
19950228       0.063107
19950331      -0.006210
19950428       0.037037
19950531       0.035714
19950630      -0.020948
19950731       0.046563
19950831      -0.002119
19950929       0.089766
19951031      -0.007843
19951130       0.061265
19951229       0.079479
19960131       0.065972
19960229      -0.016287
19960329       0.037550
19960430      -0.008026
19960531       0.071197
19960628       0.048338
19960731      -0.046571
19960830       0.010638
19960930       0.100271
19961031       0.063187
19961129       0.074935
19961231      -0.044279
19970131       0.046776
19970228      -0.006039
19970331      -0.030182
19970430       0.118388
19970530       0.087838
19970630       0.076605
19970731       0.082846
19970829      -0.107843
19970930       0.092068
19971031      -0.050505
19971128       0.143133
19971231      -0.002707
19980130       0.056218
19980227       0.003226
19980331       0.112379
19980430      -0.011603
19980529      -0.021277
19980630       0.089955
19980731      -0.012517
19980831      -0.105521
19980930      -0.001719
19981030       0.099764
19981130       0.032857
19981231       0.132503
19990129       0.028186
19990226      -0.043504
19990331       0.106293
19990430      -0.047458
19990528      -0.034994
19990630       0.111248
19990730      -0.032301
19990831       0.030390
19990930       0.058765
19991029       0.142857
19991130      -0.039668
19991231       0.192392
20000131      -0.136511
20000229      -0.009355
20000331       0.178735
20000428       0.010442
20000531       0.005167
20000630       0.005931
20000731      -0.026903
20000831       0.140948
20000929      -0.014711
20001031      -0.049837
20001130      -0.095781
20001229      -0.029559
20010131      -0.040834
20010228       0.011309
20010330      -0.096344
20010430       0.159341
20010531       0.009685
20010629      -0.005102
20010731      -0.104410
20010831      -0.057931
20010928      -0.088336
20011031      -0.021237
20011130       0.057402
20011231       0.045714
20020131      -0.073104
20020228       0.041184
20020328      -0.027273
20020430      -0.157543
20020531      -0.012995
20020628      -0.061336
20020731       0.108434
20020830      -0.063665
20020930      -0.176451
20021031       0.024341
20021129       0.074059
20021231      -0.095133
20030131      -0.049692
20030228       0.047537
20030331       0.060291
20030430       0.154902
20030530      -0.025467
20030630       0.005923
20030731      -0.008368
20030829       0.039733
20030930       0.014542
20031031      -0.026837
20031128      -0.011720
20031231       0.087548
20040130       0.085539
20040227      -0.027059
20040331      -0.061501
20040430      -0.018676
20040528       0.039065
20040630       0.047558
20040730       0.026235
20040831      -0.013835
20040930       0.030192
20041029       0.016081
20041130       0.036342
20041231       0.038462
20050131      -0.010137
20050228      -0.019651
20050331       0.024432
20050429       0.003882
20050531       0.007735
20050630      -0.044134
20050729      -0.004329
20050831      -0.025797
20050930       0.008331
20051031       0.007128
20051130       0.053377
20051230      -0.011758
20060131      -0.065621
20060228       0.011298
20060331       0.058108
20060428      -0.005463
20060531      -0.009540
20060630      -0.030648
20060731      -0.008192
20060831       0.041909
20060929       0.043746
20061031      -0.005382
20061130       0.004842
20061229       0.062642
20070131      -0.031174
20070228      -0.023856
20070330       0.012890
20070430       0.042421
20070531       0.019533
20070629       0.026078
20070731       0.012539
20070831       0.002838
20070928       0.072292
20071031      -0.005797
20071130      -0.069728
20071231      -0.023766
20080131      -0.046129
20080229      -0.054016
20080331       0.116777
20080430      -0.116455
20080530      -0.060551
20080630      -0.121094
20080731       0.059948
20080829      -0.006716
20080930      -0.081495
20081031      -0.234902
20081128      -0.119939
20081231      -0.038439
