Year Mon Day gs1 gs10
1953 4 1 2.36 2.83
1953 5 1 2.48 3.05
1953 6 1 2.45 3.11
1953 7 1 2.38 2.93
1953 8 1 2.28 2.95
1953 9 1 2.2 2.87
1953 10 1 1.79 2.66
1953 11 1 1.67 2.68
1953 12 1 1.66 2.59
1954 1 1 1.41 2.48
1954 2 1 1.14 2.47
1954 3 1 1.13 2.37
1954 4 1 0.96 2.29
1954 5 1 0.85 2.37
1954 6 1 0.82 2.38
1954 7 1 0.84 2.3
1954 8 1 0.88 2.36
1954 9 1 1.03 2.38
1954 10 1 1.17 2.43
1954 11 1 1.14 2.48
1954 12 1 1.21 2.51
1955 1 1 1.39 2.61
1955 2 1 1.57 2.65
1955 3 1 1.59 2.68
1955 4 1 1.75 2.75
1955 5 1 1.9 2.76
1955 6 1 1.91 2.78
1955 7 1 2.02 2.9
1955 8 1 2.37 2.97
1955 9 1 2.36 2.97
1955 10 1 2.39 2.88
1955 11 1 2.48 2.89
1955 12 1 2.73 2.96
1956 1 1 2.58 2.9
1956 2 1 2.49 2.84
1956 3 1 2.61 2.96
1956 4 1 2.92 3.18
1956 5 1 2.94 3.07
1956 6 1 2.74 3
1956 7 1 2.76 3.11
1956 8 1 3.1 3.33
1956 9 1 3.35 3.38
1956 10 1 3.28 3.34
1956 11 1 3.44 3.49
1956 12 1 3.68 3.59
1957 1 1 3.37 3.46
1957 2 1 3.38 3.34
1957 3 1 3.42 3.41
1957 4 1 3.49 3.48
1957 5 1 3.48 3.6
1957 6 1 3.65 3.8
1957 7 1 3.81 3.93
1957 8 1 4.01 3.93
1957 9 1 4.07 3.92
1957 10 1 4.01 3.97
1957 11 1 3.57 3.72
1957 12 1 3.18 3.21
1958 1 1 2.65 3.09
1958 2 1 1.99 3.05
1958 3 1 1.84 2.98
1958 4 1 1.45 2.88
1958 5 1 1.37 2.92
1958 6 1 1.23 2.97
1958 7 1 1.61 3.2
1958 8 1 2.5 3.54
1958 9 1 3.05 3.76
1958 10 1 3.19 3.8
1958 11 1 3.1 3.74
1958 12 1 3.29 3.86
1959 1 1 3.36 4.02
1959 2 1 3.54 3.96
1959 3 1 3.61 3.99
1959 4 1 3.72 4.12
1959 5 1 3.96 4.31
1959 6 1 4.07 4.34
1959 7 1 4.39 4.4
1959 8 1 4.42 4.43
1959 9 1 5 4.68
1959 10 1 4.8 4.53
1959 11 1 4.81 4.53
1959 12 1 5.14 4.69
1960 1 1 5.03 4.72
1960 2 1 4.66 4.49
1960 3 1 4.02 4.25
1960 4 1 4.04 4.28
1960 5 1 4.21 4.35
1960 6 1 3.36 4.15
1960 7 1 3.2 3.9
1960 8 1 2.95 3.8
1960 9 1 3.07 3.8
1960 10 1 3.04 3.89
1960 11 1 3.08 3.93
1960 12 1 2.86 3.84
1961 1 1 2.81 3.84
1961 2 1 2.93 3.78
1961 3 1 2.88 3.74
1961 4 1 2.88 3.78
1961 5 1 2.87 3.71
1961 6 1 3.06 3.88
1961 7 1 2.92 3.92
1961 8 1 3.06 4.04
1961 9 1 3.06 3.98
1961 10 1 3.05 3.92
1961 11 1 3.07 3.94
1961 12 1 3.18 4.06
1962 1 1 3.28 4.08
1962 2 1 3.28 4.04
1962 3 1 3.06 3.93
1962 4 1 2.99 3.84
1962 5 1 3.03 3.87
1962 6 1 3.03 3.91
1962 7 1 3.29 4.01
1962 8 1 3.2 3.98
1962 9 1 3.06 3.98
1962 10 1 2.98 3.93
1962 11 1 3 3.92
1962 12 1 3.01 3.86
1963 1 1 3.04 3.83
1963 2 1 3.01 3.92
1963 3 1 3.03 3.93
1963 4 1 3.11 3.97
1963 5 1 3.12 3.93
1963 6 1 3.2 3.99
1963 7 1 3.48 4.02
1963 8 1 3.53 4
1963 9 1 3.57 4.08
1963 10 1 3.64 4.11
1963 11 1 3.74 4.12
1963 12 1 3.81 4.13
1964 1 1 3.79 4.17
1964 2 1 3.78 4.15
1964 3 1 3.91 4.22
1964 4 1 3.91 4.23
1964 5 1 3.84 4.2
1964 6 1 3.83 4.17
1964 7 1 3.72 4.19
1964 8 1 3.74 4.19
1964 9 1 3.84 4.2
1964 10 1 3.86 4.19
1964 11 1 3.91 4.15
1964 12 1 4.02 4.18
1965 1 1 3.94 4.19
1965 2 1 4.03 4.21
1965 3 1 4.06 4.21
1965 4 1 4.04 4.2
1965 5 1 4.03 4.21
1965 6 1 3.99 4.21
1965 7 1 3.98 4.2
1965 8 1 4.07 4.25
1965 9 1 4.2 4.29
1965 10 1 4.3 4.35
1965 11 1 4.37 4.45
1965 12 1 4.72 4.62
1966 1 1 4.88 4.61
1966 2 1 4.94 4.83
1966 3 1 4.97 4.87
1966 4 1 4.9 4.75
1966 5 1 4.93 4.78
1966 6 1 4.97 4.81
1966 7 1 5.17 5.02
1966 8 1 5.54 5.22
1966 9 1 5.82 5.18
1966 10 1 5.58 5.01
1966 11 1 5.54 5.16
1966 12 1 5.2 4.84
1967 1 1 4.75 4.58
1967 2 1 4.71 4.63
1967 3 1 4.35 4.54
1967 4 1 4.11 4.59
1967 5 1 4.15 4.85
1967 6 1 4.48 5.02
1967 7 1 5.01 5.16
1967 8 1 5.13 5.28
1967 9 1 5.24 5.3
1967 10 1 5.37 5.48
1967 11 1 5.61 5.75
1967 12 1 5.71 5.7
1968 1 1 5.43 5.53
1968 2 1 5.41 5.56
1968 3 1 5.58 5.74
1968 4 1 5.71 5.64
1968 5 1 6.14 5.87
1968 6 1 5.98 5.72
1968 7 1 5.65 5.5
1968 8 1 5.43 5.42
1968 9 1 5.45 5.46
1968 10 1 5.57 5.58
1968 11 1 5.75 5.7
1968 12 1 6.19 6.03
1969 1 1 6.34 6.04
1969 2 1 6.41 6.19
1969 3 1 6.34 6.3
1969 4 1 6.26 6.17
1969 5 1 6.42 6.32
1969 6 1 7.04 6.57
1969 7 1 7.6 6.72
1969 8 1 7.54 6.69
1969 9 1 7.82 7.16
1969 10 1 7.64 7.1
1969 11 1 7.89 7.14
1969 12 1 8.17 7.65
1970 1 1 8.1 7.79
1970 2 1 7.59 7.24
1970 3 1 6.97 7.07
1970 4 1 7.06 7.39
1970 5 1 7.75 7.91
1970 6 1 7.55 7.84
1970 7 1 7.1 7.46
1970 8 1 6.98 7.53
1970 9 1 6.73 7.39
1970 10 1 6.43 7.33
1970 11 1 5.51 6.84
1970 12 1 5 6.39
1971 1 1 4.57 6.24
1971 2 1 3.89 6.11
1971 3 1 3.69 5.7
1971 4 1 4.3 5.83
1971 5 1 5.04 6.39
1971 6 1 5.64 6.52
1971 7 1 6.04 6.73
1971 8 1 5.8 6.58
1971 9 1 5.41 6.14
1971 10 1 4.91 5.93
1971 11 1 4.67 5.81
1971 12 1 4.6 5.93
1972 1 1 4.28 5.95
1972 2 1 4.27 6.08
1972 3 1 4.67 6.07
1972 4 1 4.96 6.19
1972 5 1 4.64 6.13
1972 6 1 4.93 6.11
1972 7 1 4.96 6.11
1972 8 1 4.98 6.21
1972 9 1 5.52 6.55
1972 10 1 5.52 6.48
1972 11 1 5.27 6.28
1972 12 1 5.52 6.36
1973 1 1 5.89 6.46
1973 2 1 6.19 6.64
1973 3 1 6.85 6.71
1973 4 1 6.85 6.67
1973 5 1 6.89 6.85
1973 6 1 7.31 6.9
1973 7 1 8.39 7.13
1973 8 1 8.82 7.4
1973 9 1 8.31 7.09
1973 10 1 7.4 6.79
1973 11 1 7.57 6.73
1973 12 1 7.27 6.74
1974 1 1 7.42 6.99
1974 2 1 6.88 6.96
1974 3 1 7.76 7.21
1974 4 1 8.62 7.51
1974 5 1 8.78 7.58
1974 6 1 8.67 7.54
1974 7 1 8.8 7.81
1974 8 1 9.36 8.04
1974 9 1 8.87 8.04
1974 10 1 8.05 7.9
1974 11 1 7.66 7.68
1974 12 1 7.31 7.43
1975 1 1 6.83 7.5
1975 2 1 5.98 7.39
1975 3 1 6.11 7.73
1975 4 1 6.9 8.23
1975 5 1 6.39 8.06
1975 6 1 6.29 7.86
1975 7 1 7.11 8.06
1975 8 1 7.7 8.4
1975 9 1 7.75 8.43
1975 10 1 6.95 8.14
1975 11 1 6.49 8.05
1975 12 1 6.6 8
1976 1 1 5.81 7.74
1976 2 1 5.91 7.79
1976 3 1 6.21 7.73
1976 4 1 5.92 7.56
1976 5 1 6.4 7.9
1976 6 1 6.52 7.86
1976 7 1 6.2 7.83
1976 8 1 6 7.77
1976 9 1 5.84 7.59
1976 10 1 5.5 7.41
1976 11 1 5.29 7.29
1976 12 1 4.89 6.87
1977 1 1 5.29 7.21
1977 2 1 5.47 7.39
1977 3 1 5.5 7.46
1977 4 1 5.44 7.37
1977 5 1 5.84 7.46
1977 6 1 5.8 7.28
1977 7 1 5.94 7.33
1977 8 1 6.37 7.4
1977 9 1 6.53 7.34
1977 10 1 6.97 7.52
1977 11 1 6.95 7.58
1977 12 1 6.96 7.69
1978 1 1 7.28 7.96
1978 2 1 7.34 8.03
1978 3 1 7.31 8.04
1978 4 1 7.45 8.15
1978 5 1 7.82 8.35
1978 6 1 8.09 8.46
1978 7 1 8.39 8.64
1978 8 1 8.31 8.41
1978 9 1 8.64 8.42
1978 10 1 9.14 8.64
1978 11 1 10.01 8.81
1978 12 1 10.3 9.01
1979 1 1 10.41 9.1
1979 2 1 10.24 9.1
1979 3 1 10.25 9.12
1979 4 1 10.12 9.18
1979 5 1 10.12 9.25
1979 6 1 9.57 8.91
1979 7 1 9.64 8.95
1979 8 1 9.98 9.03
1979 9 1 10.84 9.33
1979 10 1 12.44 10.3
1979 11 1 12.39 10.65
1979 12 1 11.98 10.39
1980 1 1 12.06 10.8
1980 2 1 13.92 12.41
1980 3 1 15.82 12.75
1980 4 1 13.3 11.47
1980 5 1 9.39 10.18
1980 6 1 8.16 9.78
1980 7 1 8.65 10.25
1980 8 1 10.24 11.1
1980 9 1 11.52 11.51
1980 10 1 12.49 11.75
1980 11 1 14.15 12.68
1980 12 1 14.88 12.84
1981 1 1 14.08 12.57
1981 2 1 14.57 13.19
1981 3 1 13.71 13.12
1981 4 1 14.32 13.68
1981 5 1 16.2 14.1
1981 6 1 14.86 13.47
1981 7 1 15.72 14.28
1981 8 1 16.72 14.94
1981 9 1 16.52 15.32
1981 10 1 15.38 15.15
1981 11 1 12.41 13.39
1981 12 1 12.85 13.72
1982 1 1 14.32 14.59
1982 2 1 14.73 14.43
1982 3 1 13.95 13.86
1982 4 1 13.98 13.87
1982 5 1 13.34 13.62
1982 6 1 14.07 14.3
1982 7 1 13.24 13.95
1982 8 1 11.43 13.06
1982 9 1 10.85 12.34
1982 10 1 9.32 10.91
1982 11 1 9.16 10.55
1982 12 1 8.91 10.54
1983 1 1 8.62 10.46
1983 2 1 8.92 10.72
1983 3 1 9.04 10.51
1983 4 1 8.98 10.4
1983 5 1 8.9 10.38
1983 6 1 9.66 10.85
1983 7 1 10.2 11.38
1983 8 1 10.53 11.85
1983 9 1 10.16 11.65
1983 10 1 9.81 11.54
1983 11 1 9.94 11.69
1983 12 1 10.11 11.83
1984 1 1 9.9 11.67
1984 2 1 10.04 11.84
1984 3 1 10.59 12.32
1984 4 1 10.9 12.63
1984 5 1 11.66 13.41
1984 6 1 12.08 13.56
1984 7 1 12.03 13.36
1984 8 1 11.82 12.72
1984 9 1 11.58 12.52
1984 10 1 10.9 12.16
1984 11 1 9.82 11.57
1984 12 1 9.33 11.5
1985 1 1 9.02 11.38
1985 2 1 9.29 11.51
1985 3 1 9.86 11.86
1985 4 1 9.14 11.43
1985 5 1 8.46 10.85
1985 6 1 7.8 10.16
1985 7 1 7.86 10.31
1985 8 1 8.05 10.33
1985 9 1 8.07 10.37
1985 10 1 8.01 10.24
1985 11 1 7.88 9.78
1985 12 1 7.67 9.26
1986 1 1 7.73 9.19
1986 2 1 7.61 8.7
1986 3 1 7.03 7.78
1986 4 1 6.44 7.3
1986 5 1 6.65 7.71
1986 6 1 6.73 7.8
1986 7 1 6.27 7.3
1986 8 1 5.93 7.17
1986 9 1 5.77 7.45
1986 10 1 5.72 7.43
1986 11 1 5.8 7.25
1986 12 1 5.87 7.11
1987 1 1 5.78 7.08
1987 2 1 5.96 7.25
1987 3 1 6.03 7.25
1987 4 1 6.5 8.02
1987 5 1 7 8.61
1987 6 1 6.8 8.4
1987 7 1 6.68 8.45
1987 8 1 7.03 8.76
1987 9 1 7.67 9.42
1987 10 1 7.59 9.52
1987 11 1 6.96 8.86
1987 12 1 7.17 8.99
1988 1 1 6.99 8.67
1988 2 1 6.64 8.21
1988 3 1 6.71 8.37
1988 4 1 7.01 8.72
1988 5 1 7.4 9.09
1988 6 1 7.49 8.92
1988 7 1 7.75 9.06
1988 8 1 8.17 9.26
1988 9 1 8.09 8.98
1988 10 1 8.11 8.8
1988 11 1 8.48 8.96
1988 12 1 8.99 9.11
1989 1 1 9.05 9.09
1989 2 1 9.25 9.17
1989 3 1 9.57 9.36
1989 4 1 9.36 9.18
1989 5 1 8.98 8.86
1989 6 1 8.44 8.28
1989 7 1 7.89 8.02
1989 8 1 8.18 8.11
1989 9 1 8.22 8.19
1989 10 1 7.99 8.01
1989 11 1 7.77 7.87
1989 12 1 7.72 7.84
1990 1 1 7.92 8.21
1990 2 1 8.11 8.47
1990 3 1 8.35 8.59
1990 4 1 8.4 8.79
1990 5 1 8.32 8.76
1990 6 1 8.1 8.48
1990 7 1 7.94 8.47
1990 8 1 7.78 8.75
1990 9 1 7.76 8.89
1990 10 1 7.55 8.72
1990 11 1 7.31 8.39
1990 12 1 7.05 8.08
1991 1 1 6.64 8.09
1991 2 1 6.27 7.85
1991 3 1 6.4 8.11
1991 4 1 6.24 8.04
1991 5 1 6.13 8.07
1991 6 1 6.36 8.28
1991 7 1 6.31 8.27
1991 8 1 5.78 7.9
1991 9 1 5.57 7.65
1991 10 1 5.33 7.53
1991 11 1 4.89 7.42
1991 12 1 4.38 7.09
1992 1 1 4.15 7.03
1992 2 1 4.29 7.34
1992 3 1 4.63 7.54
1992 4 1 4.3 7.48
1992 5 1 4.19 7.39
1992 6 1 4.17 7.26
1992 7 1 3.6 6.84
1992 8 1 3.47 6.59
1992 9 1 3.18 6.42
1992 10 1 3.3 6.59
1992 11 1 3.68 6.87
1992 12 1 3.71 6.77
1993 1 1 3.5 6.6
1993 2 1 3.39 6.26
1993 3 1 3.33 5.98
1993 4 1 3.24 5.97
1993 5 1 3.36 6.04
1993 6 1 3.54 5.96
1993 7 1 3.47 5.81
1993 8 1 3.44 5.68
1993 9 1 3.36 5.36
1993 10 1 3.39 5.33
1993 11 1 3.58 5.72
1993 12 1 3.61 5.77
1994 1 1 3.54 5.75
1994 2 1 3.87 5.97
1994 3 1 4.32 6.48
1994 4 1 4.82 6.97
1994 5 1 5.31 7.18
1994 6 1 5.27 7.1
1994 7 1 5.48 7.3
1994 8 1 5.56 7.24
1994 9 1 5.76 7.46
1994 10 1 6.11 7.74
1994 11 1 6.54 7.96
1994 12 1 7.14 7.81
1995 1 1 7.05 7.78
1995 2 1 6.7 7.47
1995 3 1 6.43 7.2
1995 4 1 6.27 7.06
1995 5 1 6 6.63
1995 6 1 5.64 6.17
1995 7 1 5.59 6.28
1995 8 1 5.75 6.49
1995 9 1 5.62 6.2
1995 10 1 5.59 6.04
1995 11 1 5.43 5.93
1995 12 1 5.31 5.71
1996 1 1 5.09 5.65
1996 2 1 4.94 5.81
1996 3 1 5.34 6.27
1996 4 1 5.54 6.51
1996 5 1 5.64 6.74
1996 6 1 5.81 6.91
1996 7 1 5.85 6.87
1996 8 1 5.67 6.64
1996 9 1 5.83 6.83
1996 10 1 5.55 6.53
1996 11 1 5.42 6.2
1996 12 1 5.47 6.3
1997 1 1 5.61 6.58
1997 2 1 5.53 6.42
1997 3 1 5.8 6.69
1997 4 1 5.99 6.89
1997 5 1 5.87 6.71
1997 6 1 5.69 6.49
1997 7 1 5.54 6.22
1997 8 1 5.56 6.3
1997 9 1 5.52 6.21
1997 10 1 5.46 6.03
1997 11 1 5.46 5.88
1997 12 1 5.53 5.81
1998 1 1 5.24 5.54
1998 2 1 5.31 5.57
1998 3 1 5.39 5.65
1998 4 1 5.38 5.64
1998 5 1 5.44 5.65
1998 6 1 5.41 5.5
1998 7 1 5.36 5.46
1998 8 1 5.21 5.34
1998 9 1 4.71 4.81
1998 10 1 4.12 4.53
1998 11 1 4.53 4.83
1998 12 1 4.52 4.65
1999 1 1 4.51 4.72
1999 2 1 4.7 5
1999 3 1 4.78 5.23
1999 4 1 4.69 5.18
1999 5 1 4.85 5.54
1999 6 1 5.1 5.9
1999 7 1 5.03 5.79
1999 8 1 5.2 5.94
1999 9 1 5.25 5.92
1999 10 1 5.43 6.11
1999 11 1 5.55 6.03
1999 12 1 5.84 6.28
2000 1 1 6.12 6.66
2000 2 1 6.22 6.52
2000 3 1 6.22 6.26
2000 4 1 6.15 5.99
2000 5 1 6.33 6.44
2000 6 1 6.17 6.1
2000 7 1 6.08 6.05
2000 8 1 6.18 5.83
2000 9 1 6.13 5.8
2000 10 1 6.01 5.74
2000 11 1 6.09 5.72
2000 12 1 5.6 5.24
2001 1 1 4.81 5.16
2001 2 1 4.68 5.1
2001 3 1 4.3 4.89
2001 4 1 3.98 5.14
2001 5 1 3.78 5.39
2001 6 1 3.58 5.28
2001 7 1 3.62 5.24
2001 8 1 3.47 4.97
2001 9 1 2.82 4.73
2001 10 1 2.33 4.57
2001 11 1 2.18 4.65
2001 12 1 2.22 5.09
2002 1 1 2.16 5.04
2002 2 1 2.23 4.91
2002 3 1 2.57 5.28
2002 4 1 2.48 5.21
2002 5 1 2.35 5.16
2002 6 1 2.2 4.93
2002 7 1 1.96 4.65
2002 8 1 1.76 4.26
2002 9 1 1.72 3.87
2002 10 1 1.65 3.94
2002 11 1 1.49 4.05
2002 12 1 1.45 4.03
2003 1 1 1.36 4.05
2003 2 1 1.3 3.9
2003 3 1 1.24 3.81
2003 4 1 1.27 3.96
2003 5 1 1.18 3.57
2003 6 1 1.01 3.33
2003 7 1 1.12 3.98
2003 8 1 1.31 4.45
2003 9 1 1.24 4.27
2003 10 1 1.25 4.29
2003 11 1 1.34 4.3
2003 12 1 1.31 4.27
2004 1 1 1.24 4.15
2004 2 1 1.24 4.08
2004 3 1 1.19 3.83
2004 4 1 1.43 4.35
2004 5 1 1.78 4.72
2004 6 1 2.12 4.73
2004 7 1 2.1 4.5
2004 8 1 2.02 4.28
2004 9 1 2.12 4.13
2004 10 1 2.23 4.1
2004 11 1 2.5 4.19
2004 12 1 2.67 4.23
2005 1 1 2.86 4.22
2005 2 1 3.03 4.17
2005 3 1 3.3 4.5
2005 4 1 3.32 4.34
2005 5 1 3.33 4.14
2005 6 1 3.36 4
2005 7 1 3.64 4.18
2005 8 1 3.87 4.26
2005 9 1 3.85 4.2
2005 10 1 4.18 4.46
2005 11 1 4.33 4.54
2005 12 1 4.35 4.47
2006 1 1 4.45 4.42
2006 2 1 4.68 4.57
2006 3 1 4.77 4.72
2006 4 1 4.9 4.99
2006 5 1 5 5.11
2006 6 1 5.16 5.11
2006 7 1 5.22 5.09
2006 8 1 5.08 4.88
2006 9 1 4.97 4.72
2006 10 1 5.01 4.73
2006 11 1 5.01 4.6
2006 12 1 4.94 4.56
2007 1 1 5.06 4.76
2007 2 1 5.05 4.72
2007 3 1 4.92 4.56
2007 4 1 4.93 4.69
2007 5 1 4.91 4.75
2007 6 1 4.96 5.1
2007 7 1 4.96 5
2007 8 1 4.47 4.67
2007 9 1 4.14 4.52
2007 10 1 4.1 4.53
2007 11 1 3.5 4.15
2007 12 1 3.26 4.1
2008 1 1 2.71 3.74
2008 2 1 2.05 3.74
2008 3 1 1.54 3.51
2008 4 1 1.74 3.68
2008 5 1 2.06 3.88
2008 6 1 2.42 4.1
2008 7 1 2.28 4.01
2008 8 1 2.18 3.89
2008 9 1 1.91 3.69
2008 10 1 1.42 3.81
2008 11 1 1.07 3.53
2008 12 1 0.49 2.42
2009 1 1 0.44 2.52
2009 2 1 0.62 2.87
2009 3 1 0.64 2.82
2009 4 1 0.55 2.93
2009 5 1 0.5 3.29
2009 6 1 0.51 3.72
2009 7 1 0.48 3.56
2009 8 1 0.46 3.59
2009 9 1 0.4 3.4
2009 10 1 0.37 3.39
