  2.36  2.51 1953.  4.  1.
  2.48  2.72 1953.  5.  1.
  2.45  2.74 1953.  6.  1.
  2.38  2.62 1953.  7.  1.
  2.28  2.58 1953.  8.  1.
  2.20  2.56 1953.  9.  1.
  1.79  2.23 1953. 10.  1.
  1.67  2.20 1953. 11.  1.
  1.66  2.07 1953. 12.  1.
  1.41  1.89 1954.  1.  1.
  1.14  1.63 1954.  2.  1.
  1.13  1.59 1954.  3.  1.
  0.96  1.54 1954.  4.  1.
  0.85  1.56 1954.  5.  1.
  0.82  1.53 1954.  6.  1.
  0.84  1.47 1954.  7.  1.
  0.88  1.49 1954.  8.  1.
  1.03  1.60 1954.  9.  1.
  1.17  1.72 1954. 10.  1.
  1.14  1.75 1954. 11.  1.
  1.21  1.81 1954. 12.  1.
  1.39  1.99 1955.  1.  1.
  1.57  2.12 1955.  2.  1.
  1.59  2.26 1955.  3.  1.
  1.75  2.37 1955.  4.  1.
  1.90  2.37 1955.  5.  1.
  1.91  2.39 1955.  6.  1.
  2.02  2.51 1955.  7.  1.
  2.37  2.72 1955.  8.  1.
  2.36  2.69 1955.  9.  1.
  2.39  2.62 1955. 10.  1.
  2.48  2.73 1955. 11.  1.
  2.73  2.88 1955. 12.  1.
  2.58  2.78 1956.  1.  1.
  2.49  2.67 1956.  2.  1.
  2.61  2.89 1956.  3.  1.
  2.92  3.19 1956.  4.  1.
  2.94  3.08 1956.  5.  1.
  2.74  2.95 1956.  6.  1.
  2.76  3.06 1956.  7.  1.
  3.10  3.39 1956.  8.  1.
  3.35  3.50 1956.  9.  1.
  3.28  3.40 1956. 10.  1.
  3.44  3.57 1956. 11.  1.
  3.68  3.76 1956. 12.  1.
  3.37  3.46 1957.  1.  1.
  3.38  3.42 1957.  2.  1.
  3.42  3.47 1957.  3.  1.
  3.49  3.53 1957.  4.  1.
  3.48  3.61 1957.  5.  1.
  3.65  3.80 1957.  6.  1.
  3.81  3.96 1957.  7.  1.
  4.01  4.02 1957.  8.  1.
  4.07  4.06 1957.  9.  1.
  4.01  4.09 1957. 10.  1.
  3.57  3.70 1957. 11.  1.
  3.18  3.11 1957. 12.  1.
  2.65  2.78 1958.  1.  1.
  1.99  2.58 1958.  2.  1.
  1.84  2.40 1958.  3.  1.
  1.45  2.15 1958.  4.  1.
  1.37  2.07 1958.  5.  1.
  1.23  2.08 1958.  6.  1.
  1.61  2.42 1958.  7.  1.
  2.50  3.06 1958.  8.  1.
  3.05  3.52 1958.  9.  1.
  3.19  3.67 1958. 10.  1.
  3.10  3.60 1958. 11.  1.
  3.29  3.72 1958. 12.  1.
  3.36  3.91 1959.  1.  1.
  3.54  3.92 1959.  2.  1.
  3.61  3.97 1959.  3.  1.
  3.72  4.03 1959.  4.  1.
  3.96  4.25 1959.  5.  1.
  4.07  4.52 1959.  6.  1.
  4.39  4.60 1959.  7.  1.
  4.42  4.60 1959.  8.  1.
  5.00  4.97 1959.  9.  1.
  4.80  4.78 1959. 10.  1.
  4.81  4.85 1959. 11.  1.
  5.14  5.12 1959. 12.  1.
  5.03  4.99 1960.  1.  1.
  4.66  4.73 1960.  2.  1.
  4.02  4.29 1960.  3.  1.
  4.04  4.27 1960.  4.  1.
  4.21  4.46 1960.  5.  1.
  3.36  4.01 1960.  6.  1.
  3.20  3.63 1960.  7.  1.
  2.95  3.41 1960.  8.  1.
  3.07  3.43 1960.  9.  1.
  3.04  3.53 1960. 10.  1.
  3.08  3.60 1960. 11.  1.
  2.86  3.42 1960. 12.  1.
  2.81  3.39 1961.  1.  1.
  2.93  3.46 1961.  2.  1.
  2.88  3.35 1961.  3.  1.
  2.88  3.33 1961.  4.  1.
  2.87  3.23 1961.  5.  1.
  3.06  3.63 1961.  6.  1.
  2.92  3.59 1961.  7.  1.
  3.06  3.76 1961.  8.  1.
  3.06  3.73 1961.  9.  1.
  3.05  3.62 1961. 10.  1.
  3.07  3.61 1961. 11.  1.
  3.18  3.72 1961. 12.  1.
  3.28  3.76 1962.  1.  1.
  3.28  3.69 1962.  2.  1.
  3.06  3.45 1962.  3.  1.
  2.99  3.38 1962.  4.  1.
  3.03  3.40 1962.  5.  1.
  3.03  3.39 1962.  6.  1.
  3.29  3.62 1962.  7.  1.
  3.20  3.46 1962.  8.  1.
  3.06  3.41 1962.  9.  1.
  2.98  3.33 1962. 10.  1.
  3.00  3.40 1962. 11.  1.
  3.01  3.37 1962. 12.  1.
  3.04  3.40 1963.  1.  1.
  3.01  3.39 1963.  2.  1.
  3.03  3.41 1963.  3.  1.
  3.11  3.50 1963.  4.  1.
  3.12  3.54 1963.  5.  1.
  3.20  3.61 1963.  6.  1.
  3.48  3.76 1963.  7.  1.
  3.53  3.77 1963.  8.  1.
  3.57  3.82 1963.  9.  1.
  3.64  3.87 1963. 10.  1.
  3.74  3.95 1963. 11.  1.
  3.81  4.01 1963. 12.  1.
  3.79  4.04 1964.  1.  1.
  3.78  4.00 1964.  2.  1.
  3.91  4.12 1964.  3.  1.
  3.91  4.15 1964.  4.  1.
  3.84  4.04 1964.  5.  1.
  3.83  4.01 1964.  6.  1.
  3.72  3.93 1964.  7.  1.
  3.74  3.93 1964.  8.  1.
  3.84  4.01 1964.  9.  1.
  3.86  4.02 1964. 10.  1.
  3.91  4.04 1964. 11.  1.
  4.02  4.08 1964. 12.  1.
  3.94  4.03 1965.  1.  1.
  4.03  4.08 1965.  2.  1.
  4.06  4.13 1965.  3.  1.
  4.04  4.12 1965.  4.  1.
  4.03  4.11 1965.  5.  1.
  3.99  4.08 1965.  6.  1.
  3.98  4.09 1965.  7.  1.
  4.07  4.16 1965.  8.  1.
  4.20  4.24 1965.  9.  1.
  4.30  4.33 1965. 10.  1.
  4.37  4.45 1965. 11.  1.
  4.72  4.79 1965. 12.  1.
  4.88  4.90 1966.  1.  1.
  4.94  5.02 1966.  2.  1.
  4.97  4.97 1966.  3.  1.
  4.90  4.89 1966.  4.  1.
  4.93  5.00 1966.  5.  1.
  4.97  5.05 1966.  6.  1.
  5.17  5.26 1966.  7.  1.
  5.54  5.68 1966.  8.  1.
  5.82  5.79 1966.  9.  1.
  5.58  5.48 1966. 10.  1.
  5.54  5.53 1966. 11.  1.
  5.20  5.19 1966. 12.  1.
  4.75  4.75 1967.  1.  1.
  4.71  4.73 1967.  2.  1.
  4.35  4.47 1967.  3.  1.
  4.11  4.38 1967.  4.  1.
  4.15  4.61 1967.  5.  1.
  4.48  4.89 1967.  6.  1.
  5.01  5.06 1967.  7.  1.
  5.13  5.23 1967.  8.  1.
  5.24  5.41 1967.  9.  1.
  5.37  5.52 1967. 10.  1.
  5.61  5.71 1967. 11.  1.
  5.71  5.71 1967. 12.  1.
  5.43  5.53 1968.  1.  1.
  5.41  5.61 1968.  2.  1.
  5.58  5.80 1968.  3.  1.
  5.71  5.75 1968.  4.  1.
  6.14  6.11 1968.  5.  1.
  5.98  5.82 1968.  6.  1.
  5.65  5.54 1968.  7.  1.
  5.43  5.42 1968.  8.  1.
  5.45  5.39 1968.  9.  1.
  5.57  5.52 1968. 10.  1.
  5.75  5.57 1968. 11.  1.
  6.19  6.16 1968. 12.  1.
  6.34  6.22 1969.  1.  1.
  6.41  6.32 1969.  2.  1.
  6.34  6.38 1969.  3.  1.
  6.26  6.25 1969.  4.  1.
  6.42  6.51 1969.  5.  1.
  7.04  6.83 1969.  6.  1.
  7.60  7.31 1969.  7.  1.
  7.54  7.29 1969.  8.  1.
  7.82  7.77 1969.  9.  1.
  7.64  7.57 1969. 10.  1.
  7.89  7.65 1969. 11.  1.
  8.17  8.10 1969. 12.  1.
  8.10  8.24 1970.  1.  1.
  7.59  7.79 1970.  2.  1.
  6.97  7.15 1970.  3.  1.
  7.06  7.39 1970.  4.  1.
  7.75  7.94 1970.  5.  1.
  7.55  7.84 1970.  6.  1.
  7.10  7.56 1970.  7.  1.
  6.98  7.46 1970.  8.  1.
  6.73  7.11 1970.  9.  1.
  6.43  6.96 1970. 10.  1.
  5.51  6.25 1970. 11.  1.
  5.00  5.75 1970. 12.  1.
  4.57  5.61 1971.  1.  1.
  3.89  5.07 1971.  2.  1.
  3.69  4.50 1971.  3.  1.
  4.30  5.22 1971.  4.  1.
  5.04  5.97 1971.  5.  1.
  5.64  6.32 1971.  6.  1.
  6.04  6.74 1971.  7.  1.
  5.80  6.35 1971.  8.  1.
  5.41  5.89 1971.  9.  1.
  4.91  5.56 1971. 10.  1.
  4.67  5.35 1971. 11.  1.
  4.60  5.27 1971. 12.  1.
  4.28  5.14 1972.  1.  1.
  4.27  5.25 1972.  2.  1.
  4.67  5.56 1972.  3.  1.
  4.96  5.88 1972.  4.  1.
  4.64  5.55 1972.  5.  1.
  4.93  5.64 1972.  6.  1.
  4.96  5.78 1972.  7.  1.
  4.98  5.79 1972.  8.  1.
  5.52  6.06 1972.  9.  1.
  5.52  6.05 1972. 10.  1.
  5.27  5.94 1972. 11.  1.
  5.52  6.01 1972. 12.  1.
  5.89  6.27 1973.  1.  1.
  6.19  6.58 1973.  2.  1.
  6.85  6.86 1973.  3.  1.
  6.85  6.78 1973.  4.  1.
  6.89  6.83 1973.  5.  1.
  7.31  6.84 1973.  6.  1.
  8.39  7.54 1973.  7.  1.
  8.82  7.89 1973.  8.  1.
  8.31  7.25 1973.  9.  1.
  7.40  6.81 1973. 10.  1.
  7.57  7.00 1973. 11.  1.
  7.27  6.81 1973. 12.  1.
  7.42  6.96 1974.  1.  1.
  6.88  6.76 1974.  2.  1.
  7.76  7.35 1974.  3.  1.
  8.62  8.05 1974.  4.  1.
  8.78  8.27 1974.  5.  1.
  8.67  8.15 1974.  6.  1.
  8.80  8.41 1974.  7.  1.
  9.36  8.66 1974.  8.  1.
  8.87  8.41 1974.  9.  1.
  8.05  8.00 1974. 10.  1.
  7.66  7.61 1974. 11.  1.
  7.31  7.24 1974. 12.  1.
  6.83  7.23 1975.  1.  1.
  5.98  6.65 1975.  2.  1.
  6.11  6.81 1975.  3.  1.
  6.90  7.76 1975.  4.  1.
  6.39  7.39 1975.  5.  1.
  6.29  7.17 1975.  6.  1.
  7.11  7.72 1975.  7.  1.
  7.70  8.16 1975.  8.  1.
  7.75  8.29 1975.  9.  1.
  6.95  7.81 1975. 10.  1.
  6.49  7.46 1975. 11.  1.
  6.60  7.43 1975. 12.  1.
  5.81  6.99 1976.  1.  1.
  5.91  7.06 1976.  2.  1.
  6.21  7.13 1976.  3.  1.
  5.92  6.84 1976.  4.  1.
  6.40  7.27 1976.  5.  1.
  6.52  7.31 1976.  6.  1.
  6.20  7.12 1976.  7.  1.
  6.00  6.86 1976.  8.  1.
  5.84  6.66 1976.  9.  1.
  5.50  6.24 1976. 10.  1.
  5.29  6.09 1976. 11.  1.
  4.89  5.68 1976. 12.  1.
  5.29  6.22 1977.  1.  1.
  5.47  6.44 1977.  2.  1.
  5.50  6.47 1977.  3.  1.
  5.44  6.31 1977.  4.  1.
  5.84  6.55 1977.  5.  1.
  5.80  6.39 1977.  6.  1.
  5.94  6.51 1977.  7.  1.
  6.37  6.79 1977.  8.  1.
  6.53  6.84 1977.  9.  1.
  6.97  7.19 1977. 10.  1.
  6.95  7.22 1977. 11.  1.
  6.96  7.30 1977. 12.  1.
  7.28  7.61 1978.  1.  1.
  7.34  7.67 1978.  2.  1.
  7.31  7.70 1978.  3.  1.
  7.45  7.85 1978.  4.  1.
  7.82  8.07 1978.  5.  1.
  8.09  8.30 1978.  6.  1.
  8.39  8.54 1978.  7.  1.
  8.31  8.33 1978.  8.  1.
  8.64  8.41 1978.  9.  1.
  9.14  8.62 1978. 10.  1.
 10.01  9.04 1978. 11.  1.
 10.30  9.33 1978. 12.  1.
 10.41  9.50 1979.  1.  1.
 10.24  9.29 1979.  2.  1.
 10.25  9.38 1979.  3.  1.
 10.12  9.43 1979.  4.  1.
 10.12  9.42 1979.  5.  1.
  9.57  8.95 1979.  6.  1.
  9.64  8.94 1979.  7.  1.
  9.98  9.14 1979.  8.  1.
 10.84  9.69 1979.  9.  1.
 12.44 10.95 1979. 10.  1.
 12.39 11.18 1979. 11.  1.
 11.98 10.71 1979. 12.  1.
 12.06 10.88 1980.  1.  1.
 13.92 12.84 1980.  2.  1.
 15.82 14.05 1980.  3.  1.
 13.30 12.02 1980.  4.  1.
  9.39  9.44 1980.  5.  1.
  8.16  8.91 1980.  6.  1.
  8.65  9.27 1980.  7.  1.
 10.24 10.63 1980.  8.  1.
 11.52 11.57 1980.  9.  1.
 12.49 12.01 1980. 10.  1.
 14.15 13.31 1980. 11.  1.
 14.88 13.65 1980. 12.  1.
 14.08 13.01 1981.  1.  1.
 14.57 13.65 1981.  2.  1.
 13.71 13.51 1981.  3.  1.
 14.32 14.09 1981.  4.  1.
 16.20 15.08 1981.  5.  1.
 14.86 14.29 1981.  6.  1.
 15.72 15.15 1981.  7.  1.
 16.72 16.00 1981.  8.  1.
 16.52 16.22 1981.  9.  1.
 15.38 15.50 1981. 10.  1.
 12.41 13.11 1981. 11.  1.
 12.85 13.66 1981. 12.  1.
 14.32 14.64 1982.  1.  1.
 14.73 14.73 1982.  2.  1.
 13.95 14.13 1982.  3.  1.
 13.98 14.18 1982.  4.  1.
 13.34 13.77 1982.  5.  1.
 14.07 14.48 1982.  6.  1.
 13.24 14.00 1982.  7.  1.
 11.43 12.62 1982.  8.  1.
 10.85 12.03 1982.  9.  1.
  9.32 10.62 1982. 10.  1.
  9.16  9.98 1982. 11.  1.
  8.91  9.88 1982. 12.  1.
  8.62  9.64 1983.  1.  1.
  8.92  9.91 1983.  2.  1.
  9.04  9.84 1983.  3.  1.
  8.98  9.76 1983.  4.  1.
  8.90  9.66 1983.  5.  1.
  9.66 10.32 1983.  6.  1.
 10.20 10.90 1983.  7.  1.
 10.53 11.30 1983.  8.  1.
 10.16 11.07 1983.  9.  1.
  9.81 10.87 1983. 10.  1.
  9.94 10.96 1983. 11.  1.
 10.11 11.13 1983. 12.  1.
  9.90 10.93 1984.  1.  1.
 10.04 11.05 1984.  2.  1.
 10.59 11.59 1984.  3.  1.
 10.90 11.98 1984.  4.  1.
 11.66 12.75 1984.  5.  1.
 12.08 13.18 1984.  6.  1.
 12.03 13.08 1984.  7.  1.
 11.82 12.50 1984.  8.  1.
 11.58 12.34 1984.  9.  1.
 10.90 11.85 1984. 10.  1.
  9.82 10.90 1984. 11.  1.
  9.33 10.56 1984. 12.  1.
  9.02 10.43 1985.  1.  1.
  9.29 10.55 1985.  2.  1.
  9.86 11.05 1985.  3.  1.
  9.14 10.49 1985.  4.  1.
  8.46  9.75 1985.  5.  1.
  7.80  9.05 1985.  6.  1.
  7.86  9.18 1985.  7.  1.
  8.05  9.31 1985.  8.  1.
  8.07  9.37 1985.  9.  1.
  8.01  9.25 1985. 10.  1.
  7.88  8.88 1985. 11.  1.
  7.67  8.40 1985. 12.  1.
  7.73  8.41 1986.  1.  1.
  7.61  8.10 1986.  2.  1.
  7.03  7.30 1986.  3.  1.
  6.44  6.86 1986.  4.  1.
  6.65  7.27 1986.  5.  1.
  6.73  7.41 1986.  6.  1.
  6.27  6.86 1986.  7.  1.
  5.93  6.49 1986.  8.  1.
  5.77  6.62 1986.  9.  1.
  5.72  6.56 1986. 10.  1.
  5.80  6.46 1986. 11.  1.
  5.87  6.43 1986. 12.  1.
  5.78  6.41 1987.  1.  1.
  5.96  6.56 1987.  2.  1.
  6.03  6.58 1987.  3.  1.
  6.50  7.32 1987.  4.  1.
  7.00  8.02 1987.  5.  1.
  6.80  7.82 1987.  6.  1.
  6.68  7.74 1987.  7.  1.
  7.03  8.03 1987.  8.  1.
  7.67  8.67 1987.  9.  1.
  7.59  8.75 1987. 10.  1.
  6.96  7.99 1987. 11.  1.
  7.17  8.13 1987. 12.  1.
  6.99  7.87 1988.  1.  1.
  6.64  7.38 1988.  2.  1.
  6.71  7.50 1988.  3.  1.
  7.01  7.83 1988.  4.  1.
  7.40  8.24 1988.  5.  1.
  7.49  8.22 1988.  6.  1.
  7.75  8.44 1988.  7.  1.
  8.17  8.77 1988.  8.  1.
  8.09  8.57 1988.  9.  1.
  8.11  8.43 1988. 10.  1.
  8.48  8.72 1988. 11.  1.
  8.99  9.11 1988. 12.  1.
  9.05  9.20 1989.  1.  1.
  9.25  9.32 1989.  2.  1.
  9.57  9.61 1989.  3.  1.
  9.36  9.40 1989.  4.  1.
  8.98  8.98 1989.  5.  1.
  8.44  8.37 1989.  6.  1.
  7.89  7.83 1989.  7.  1.
  8.18  8.13 1989.  8.  1.
  8.22  8.26 1989.  9.  1.
  7.99  8.02 1989. 10.  1.
  7.77  7.80 1989. 11.  1.
  7.72  7.77 1989. 12.  1.
  7.92  8.13 1990.  1.  1.
  8.11  8.39 1990.  2.  1.
  8.35  8.63 1990.  3.  1.
  8.40  8.78 1990.  4.  1.
  8.32  8.69 1990.  5.  1.
  8.10  8.40 1990.  6.  1.
  7.94  8.26 1990.  7.  1.
  7.78  8.22 1990.  8.  1.
  7.76  8.27 1990.  9.  1.
  7.55  8.07 1990. 10.  1.
  7.31  7.74 1990. 11.  1.
  7.05  7.47 1990. 12.  1.
  6.64  7.38 1991.  1.  1.
  6.27  7.08 1991.  2.  1.
  6.40  7.35 1991.  3.  1.
  6.24  7.23 1991.  4.  1.
  6.13  7.12 1991.  5.  1.
  6.36  7.39 1991.  6.  1.
  6.31  7.38 1991.  7.  1.
  5.78  6.80 1991.  8.  1.
  5.57  6.50 1991.  9.  1.
  5.33  6.23 1991. 10.  1.
  4.89  5.90 1991. 11.  1.
  4.38  5.39 1991. 12.  1.
  4.15  5.40 1992.  1.  1.
  4.29  5.72 1992.  2.  1.
  4.63  6.18 1992.  3.  1.
  4.30  5.93 1992.  4.  1.
  4.19  5.81 1992.  5.  1.
  4.17  5.60 1992.  6.  1.
  3.60  4.91 1992.  7.  1.
  3.47  4.72 1992.  8.  1.
  3.18  4.42 1992.  9.  1.
  3.30  4.64 1992. 10.  1.
  3.68  5.14 1992. 11.  1.
  3.71  5.21 1992. 12.  1.
  3.50  4.93 1993.  1.  1.
  3.39  4.58 1993.  2.  1.
  3.33  4.40 1993.  3.  1.
  3.24  4.30 1993.  4.  1.
  3.36  4.40 1993.  5.  1.
  3.54  4.53 1993.  6.  1.
  3.47  4.43 1993.  7.  1.
  3.44  4.36 1993.  8.  1.
  3.36  4.17 1993.  9.  1.
  3.39  4.18 1993. 10.  1.
  3.58  4.50 1993. 11.  1.
  3.61  4.54 1993. 12.  1.
  3.54  4.48 1994.  1.  1.
  3.87  4.83 1994.  2.  1.
  4.32  5.40 1994.  3.  1.
  4.82  5.99 1994.  4.  1.
  5.31  6.34 1994.  5.  1.
  5.27  6.27 1994.  6.  1.
  5.48  6.48 1994.  7.  1.
  5.56  6.50 1994.  8.  1.
  5.76  6.69 1994.  9.  1.
  6.11  7.04 1994. 10.  1.
  6.54  7.44 1994. 11.  1.
  7.14  7.71 1994. 12.  1.
  7.05  7.66 1995.  1.  1.
  6.70  7.25 1995.  2.  1.
  6.43  6.89 1995.  3.  1.
  6.27  6.68 1995.  4.  1.
  6.00  6.27 1995.  5.  1.
  5.64  5.80 1995.  6.  1.
  5.59  5.89 1995.  7.  1.
  5.75  6.10 1995.  8.  1.
  5.62  5.89 1995.  9.  1.
  5.59  5.77 1995. 10.  1.
  5.43  5.57 1995. 11.  1.
  5.31  5.39 1995. 12.  1.
  5.09  5.20 1996.  1.  1.
  4.94  5.14 1996.  2.  1.
  5.34  5.79 1996.  3.  1.
  5.54  6.11 1996.  4.  1.
  5.64  6.27 1996.  5.  1.
  5.81  6.49 1996.  6.  1.
  5.85  6.45 1996.  7.  1.
  5.67  6.21 1996.  8.  1.
  5.83  6.41 1996.  9.  1.
  5.55  6.08 1996. 10.  1.
  5.42  5.82 1996. 11.  1.
  5.47  5.91 1996. 12.  1.
  5.61  6.16 1997.  1.  1.
  5.53  6.03 1997.  2.  1.
  5.80  6.38 1997.  3.  1.
  5.99  6.61 1997.  4.  1.
  5.87  6.42 1997.  5.  1.
  5.69  6.24 1997.  6.  1.
  5.54  6.00 1997.  7.  1.
  5.56  6.06 1997.  8.  1.
  5.52  5.98 1997.  9.  1.
  5.46  5.84 1997. 10.  1.
  5.46  5.76 1997. 11.  1.
  5.53  5.74 1997. 12.  1.
  5.24  5.38 1998.  1.  1.
  5.31  5.43 1998.  2.  1.
  5.39  5.57 1998.  3.  1.
  5.38  5.58 1998.  4.  1.
  5.44  5.61 1998.  5.  1.
  5.41  5.52 1998.  6.  1.
  5.36  5.47 1998.  7.  1.
  5.21  5.24 1998.  8.  1.
  4.71  4.62 1998.  9.  1.
  4.12  4.18 1998. 10.  1.
  4.53  4.57 1998. 11.  1.
  4.52  4.48 1998. 12.  1.
  4.51  4.61 1999.  1.  1.
  4.70  4.90 1999.  2.  1.
  4.78  5.11 1999.  3.  1.
  4.69  5.03 1999.  4.  1.
  4.85  5.33 1999.  5.  1.
  5.10  5.70 1999.  6.  1.
  5.03  5.62 1999.  7.  1.
  5.20  5.77 1999.  8.  1.
  5.25  5.75 1999.  9.  1.
  5.43  5.94 1999. 10.  1.
  5.55  5.92 1999. 11.  1.
  5.84  6.14 1999. 12.  1.
  6.12  6.49 2000.  1.  1.
  6.22  6.65 2000.  2.  1.
  6.22  6.53 2000.  3.  1.
  6.15  6.36 2000.  4.  1.
  6.33  6.77 2000.  5.  1.
  6.17  6.43 2000.  6.  1.
  6.08  6.28 2000.  7.  1.
  6.18  6.17 2000.  8.  1.
  6.13  6.02 2000.  9.  1.
  6.01  5.85 2000. 10.  1.
  6.09  5.79 2000. 11.  1.
  5.60  5.26 2000. 12.  1.
  4.81  4.77 2001.  1.  1.
  4.68  4.71 2001.  2.  1.
  4.30  4.43 2001.  3.  1.
  3.98  4.42 2001.  4.  1.
  3.78  4.51 2001.  5.  1.
  3.58  4.35 2001.  6.  1.
  3.62  4.31 2001.  7.  1.
  3.47  4.04 2001.  8.  1.
  2.82  3.45 2001.  9.  1.
  2.33  3.14 2001. 10.  1.
  2.18  3.22 2001. 11.  1.
  2.22  3.62 2001. 12.  1.
  2.16  3.56 2002.  1.  1.
  2.23  3.55 2002.  2.  1.
  2.57  4.14 2002.  3.  1.
  2.48  4.01 2002.  4.  1.
  2.35  3.80 2002.  5.  1.
  2.20  3.49 2002.  6.  1.
  1.96  3.01 2002.  7.  1.
  1.76  2.52 2002.  8.  1.
  1.72  2.32 2002.  9.  1.
  1.65  2.25 2002. 10.  1.
  1.49  2.32 2002. 11.  1.
  1.45  2.23 2002. 12.  1.
  1.36  2.18 2003.  1.  1.
  1.30  2.05 2003.  2.  1.
  1.24  1.98 2003.  3.  1.
  1.27  2.06 2003.  4.  1.
  1.18  1.75 2003.  5.  1.
  1.01  1.51 2003.  6.  1.
  1.12  1.93 2003.  7.  1.
  1.31  2.44 2003.  8.  1.
  1.24  2.23 2003.  9.  1.
  1.25  2.26 2003. 10.  1.
  1.34  2.45 2003. 11.  1.
  1.31  2.44 2003. 12.  1.
  1.24  2.27 2004.  1.  1.
  1.24  2.25 2004.  2.  1.
  1.19  2.00 2004.  3.  1.
