date        MRK             JNJ              GE                   GM               F                   VW
19600129 -7.74578845423748 -4.86872194684196 -14.7865638807675 -12.9607671923045 -13.3924612782579 -6.86579275869228
19600229 7.59040011847097 3.20198490498968 4.57226068799306 -2.91415193161755 -1.29970975366202 1.41020963744709
19600331 0.651075893558023 -5.64137499944346 0.972951439580056 -3.31525219236915 -11.0375290873033 -1.29302363647014
19600429 5.43944308892638 -0.447399339944661 -1.40056224442301 -0.563384031712633 -5.53647293365866 -1.54487193242994
19600531 11.6474624504154 17.2558216790241 0.842738958838397 -0.566602162662685 0.718512505452637 3.34173678109231
19600630 -11.4711881481922 -0.189579588596356 3.70664713628345 1.14284458235914 0 2.27776094099754
19600729 0.881106827854996 0.567685611793344 -8.62727407576393 0 0.189919538618523 -2.29697974889211
19600831 2.88206658081933 1.8692207086224 -2.8466349185742 3.62663533268448 1.33465374073964 3.17486358145782
19600930 -7.79615414697118 -10.9914201297936 -10.7389238792368 -5.99326113109458 -2.68728626090851 -6.04083951950957
19601031 -4.41713473454038 6.42791124940582 -0.512410583552194 -1.18347552660948 1.42943472832021 -0.480854253231223
19601130 -0.323121475622255 9.28307449081129 2.70284190545538 -1.19764320106002 -0.979481294670456 4.73500801269316
19601230 9.88339639779413 6.20889609131264 0 -0.9188081439081 0.979487322570284 4.73195595508152
19610131 -3.75139305357602 15.462828004383 -4.98816596339379 7.98060642910844 9.47782201570593 6.19216626481267
19610228 7.93369202026068 15.3741167417067 -7.69609611361315 3.35227799507277 7.09029128626476 3.63049279185375
19610330 -2.40150671761144 0 -0.19068168202284 2.46926125903714 6.62061923006936 3.01246615304507
19610428 1.44303794422027 -9.28502080175181 -5.94230939402418 -1.91522388446091 2.92548725644533 0.564801986459595
19610531 -3.79604675964092 1.87422613853342 5.55699862899367 -0.276582136001956 3.60937137982331 2.54825444144989
19610630 1.50649516248951 -2.8323345732325 -1.16506055012254 -0.843850423915141 -3.91619148819336 -2.89129808290939
19610731 0.733701813400369 -2.07334603869123 4.4280965377128 6.29485077359598 11.3164386096341 2.94850131114266
19610831 -0.439564671532947 6.2266567203675 6.55976475651118 0 5.60144820215846 2.65280004059507
19610929 -3.55743292987168 -5.12932943875506 6.32151458626603 6.23577073909702 9.70913199048378 -2.01945440855326
19611031 -7.29320484384887 5.39217370037425 -1.342268249436 0.502535174149703 -0.594865823578275 2.70654050466004
19611130 15.2269482913957 8.30664392783108 6.22130067237792 10.9112667523548 10.1627456454718 4.43814122702224
19611229 1.01176435882851 -6.76098996620574 -3.88395857915421 4.25593644187646 -1.75246638261908 0.0745721880309511
19620131 -6.97960510922103 -3.69430689552247 -0.332753009270852 0.219059888528882 -5.30980799283803 -3.68496862604228
19620228 7.2600622386942 4.46855613247315 -0.501254182354429 -2.66088974920317 -1.89799857585341 1.93142727764024
19620330 5.87442668212387 -0.258032618010633 3.61882352209087 1.57483413431391 -10.6026292793802 -0.467993382713418
19620430 -11.0680195654079 -11.7782910656391 -11.5346880493544 -5.50593243529413 0.822210565866742 -6.55545037398198
19620531 -13.2896165852347 -8.17394797107103 -4.09740894194313 -2.87102223872926 -9.50439152558762 -8.84815480708139
19620629 -12.1852429419095 -1.75582478011424 -9.151459216924 -5.28429154830013 -10.1782480024251 -8.62465786133885
19620731 13.8088368818802 -3.94136117570207 10.9343971153626 7.22601946352582 12.0952230670755 6.34479266555416
19620831 -16.538066742532 -4.97954693193634 3.15132018374614 3.31000972635431 3.4289343141517 2.31440971858465
19620928 3.53362553293582 -3.41453745014991 -6.21084095852506 -0.470605613176591 -7.28126575898168 -5.14554127911867
19621031 5.7798042567206 -0.54990923308518 5.88960699074702 3.24855829983614 1.3801322100336 0.218161853877717
19621130 12.5802350382108 10.1308517389705 9.83247224106506 4.24644848941262 9.47627572686734 10.4483431131622
19621231 0.0318949130317956 -2.36095243422637 3.28978815005707 4.39632954641121 -1.10194922025239 1.17951627573217
19630131 10.2458208034646 9.74796429981564 1.93554685120612 7.65628137059615 -1.78880412862316 5.05486171842952
19630228 -6.60895900899958 1.96202577266841 -7.2880418214144 -3.44517029811626 -4.07032515704782 -2.21750592887662
19630329 3.74874812049797 0.30443612261891 3.21244402147503 7.7961466469709 9.61189435758103 3.2386838409872
19630430 7.66822985873297 1.20846851610163 5.3802344088149 5.06199177203628 5.65891963108296 4.63481372282821
19630531 0.139203067557484 4.97906159315857 6.45388336375224 8.24303166039433 6.4699133238757 1.98526260462214
19630628 0.775882234073282 0 -5.50593243529413 -4.18183240250324 0.480742578868853 -1.81945209924958
19630731 5.66184903297017 -0.286911196823732 -1.11377956104572 1.41346337419148 -1.7905348268836 -0.171947745442028
19630830 12.3157014375965 9.32179927064372 4.22929121902514 6.45388336375224 6.20720443830445 5.13430931475717
19630930 -9.39667825666048 -3.47167114143294 -2.01404643566936 0.165463034389196 -0.464075164959471 -1.19693476966375
19631031 7.62978583160434 14.8701000118239 5.36526090147027 14.8705309242767 -2.21024699079472 2.73310799914638
19631129 -2.51967896662762 0.233926179242149 -1.50374985767334 -8.15875670211512 -0.480753771269491 -0.556445289241277
19631231 6.87823159883647 -4.55163290206712 6.08382460559756 -0.317503509364696 -3.93168777769505 2.15031413864828
19640131 3.80787151678895 3.1365906309068 0.857116241566631 1.73368446532742 0.99750830220781 2.546304743653
19640228 3.66819162108151 9.24989592969082 -2.59385134025599 0.809216989733619 8.86809824224615 1.70606361780123
19640331 -0.637628536955556 -7.21030602565114 2.50837555961665 0.156177978679667 -1.15342646142023 1.74822903364472
19640430 -3.59712782897659 -7.26706978351687 -5.74956471673039 5.31634445660658 3.42110704364738 0.459741567060466
19640528 -6.65383862019785 1.24847402850573 -1.683288136011 3.80248060336475 -4.15764457136651 1.72533020949265
19640630 6.35596046551387 0.990082467726243 -0.867955862632337 1.29033920153951 -0.947878204978265 1.49674271217864
19640731 10.5024659264381 -0.246603817420732 4.4452197353348 7.4107900725148 0 1.99183068795486
19640831 -2.13748225476971 -1.74351120733589 0.746804460749452 2.12026272309345 -0.240689424744431 -1.13299420792446
19640930 6.69658852042573 1.99506555551427 6.81594576274126 3.45965767564503 10.9448847030433 3.00247131056955
19641030 4.25593644187646 3.63676084565885 -2.12021862220318 0.502535174149703 2.34801705624242 0.882990142627821
19641130 4.34846864077333 5.78197506640909 5.69198853943006 -2.92455113222698 -6.14223148889735 0.308423884179193
19641231 6.43719447644975 0.673427379205305 1.26062068308017 3.11313515452709 -1.59637452418932 0.368320865158983
19650129 4.19295409641993 7.95262666485163 6.36168465259877 3.51354567682548 3.16769457404259 3.79179418382019
19650226 -0.241792081596124 3.09219504026879 0.501838680646234 -1.61598701995242 -3.19665284894631 0.692298077238776
19650331 0.963840101999688 -0.201402679105873 0.175046703823814 1.75225789800175 3.42110704364738 -0.976249849477008
19650430 8.98187659163727 3.95312418573291 4.66345090802682 7.87058144298653 10.6257313414484 3.30981623782382
19650528 -3.58779862950842 3.84001843038463 -0.842841954791425 -4.57560218382042 -7.59861964516481 -0.435948877745286
19650630 -0.228561001770366 -7.36766805579299 -6.95976972143045 -7.06467383711347 -7.98595577798355 -5.32615459138457
19650730 3.61216853540563 10.7671642944562 4.58678029904585 1.94182397032437 2.11526959354077 1.66201174994849
19650831 8.49769756645334 8.26660329756287 4.14691450731572 2.40670511139261 0.4640217519452 3.04157165389911
19650930 0.20349281286243 8.92308288498473 11.7331378118917 5.75790475833925 4.34358554075067 3.14521543497647
19651029 12.8160118122396 -8.59032639010519 1.06273293607275 6.78810536464929 9.3478503308688 2.88507846659526
19651130 -1.62899639281737 9.37990386053732 -3.8798002508016 -6.5503253008418 -8.36501232466608 0.306031246325773
19651231 3.61052883300192 4.30010586346255 4.21749987970228 0.484225732596205 -2.72129359387472 1.34540865162484
19660131 0.177143009085872 8.21613847682534 -2.79283920828179 -0.727237976710799 -0.738318878385184 1.20491169589852
19660228 3.64939219117911 1.64420850331716 -5.14080378124308 -2.36351219307674 -1.41516641069306 -0.865837578664183
19660331 5.70445740271096 -2.13339591865983 1.04947370926416 -5.81938909378352 -4.36959119342743 -2.11449878591151
19660429 -2.62310453714616 1.07242886962562 4.79202621047969 -3.93803258907165 -0.797168965537204 2.45335755544086
19660531 -1.8440994738688 -8.71572058039526 -9.82525041984485 -7.35539717941099 -3.87148411281129 -5.39695038225589
19660630 5.01587510365692 8.91951574710488 2.51315406376047 -2.45406741336034 -4.57685837448506 -1.03705891493163
19660729 -3.61879566119476 -7.76016062541641 -10.5491635364751 0.310118634689543 0.768340688588734 -1.29535359625817
19660831 -7.83691921155146 -11.8576350247208 -11.6475390996448 -9.10161125218113 -5.4067665714819 -7.83810889268989
19660930 4.15171128695067 -5.51523097659216 0.761790990269455 2.70741646864624 -2.36699357026895 -0.698231975891058
19661031 2.58412209798057 10.4329384224485 11.5165390388211 -2.02363813538712 2.0154526156826 4.14240532465229
19661130 7.91004177039089 4.74626167014372 2.71510515659489 -7.60757531192289 -6.13691489079582 1.73643630267043
19661230 -2.88944529703991 1.17645257900627 -9.46469997568326 -0.944243985164095 -2.56419630809794 0.619079740772718
19670131 -0.653631524213992 9.74342859291586 -0.708705394565472 13.1393984995429 18.2862243929651 8.20683469879387
19670228 3.22609733293263 2.66964572105677 -1.8665114509231 -2.56163140712606 0 1.08855369759231
19670331 3.8609949752205 13.9987134408834 -0.844152966635431 5.21568713975637 11.6260098798746 4.24692770051614
19670428 3.9102436928155 5.26436822033694 11.1380359981819 12.6126796138153 7.24341435124009 4.07666329878338
19670531 -9.58998536277658 -3.10325677005557 -9.82127882995069 -8.31305534995836 -8.11905328395375 -4.00858072392892
19670630 6.71734840716252 2.61452155881911 1.75776047487955 -2.40980393840575 1.72631309934607 2.65474766318092
19670731 7.34549018068406 -6.15318457196191 21.7660547081785 9.75249980099836 2.60633799764048 4.80174847772004
19670831 -0.283702053975479 6.02414896071329 1.15075336249325 -0.473117437590144 -2.19256192496888 -0.630181478992868
19670929 -0.741341155590692 9.70740777666852 3.17554170420096 4.9645036756953 4.57359810873896 3.37113335853675
19671031 -5.00845515274207 1.891007222464 -5.61757203707887 -6.16935053689783 -4.37679963922173 -2.78163112611174
19671130 3.70683985851385 0.172750700018348 -1.78473201557259 -1.5267964438602 4.3802508372672 0.787094270056814
19671229 -1.05353019153828 5.60371743747354 -7.44962013510791 2.46926125903714 1.88688581360886 3.3143631193169
19680131 -7.21729224935823 -7.78880306581843 -8.84323861450767 -4.68107245533027 -4.10168051612825 -3.70063666291601
19680229 -1.28208368161693 -5.35431919309702 -0.399095327010772 -2.45806438591039 -1.73913567470313 -3.42022865470524
19680329 2.10665341117003 1.23840007381815 -0.577162382325058 -0.998367140895823 -2.79561571635004 0.510295773590238
19680430 9.96299271557341 7.98060642910844 10.434740263209 8.33820489389542 18.0601745432493 8.99759782136229
19680531 1.70940604778747 2.69077184066149 -7.69404413483054 -0.493515788308528 -1.75439999164442 2.66818522527686
19680628 -0.113063893137362 2.46252932513049 -2.15066182645271 0.625042532951296 -7.34269733168446 1.14610702995638
19680730 -2.44443434117146 -2.60113817843343 -2.19787733854508 -2.04568212343792 -0.764817285361311 -2.22701491257281
19680830 3.46197603687287 1.13088136380408 -0.296739837490528 0.760203120010329 -0.486581891953433 1.78772455259576
19680930 -5.21852710278293 -4.49513418852559 2.08804775793551 5.73354537230191 10.6335540166904 4.34942608340578
19681031 3.93928137277432 -1.30153331775731 10.8289222805236 5.56513343214538 5.71097459890213 0.900037483729913
19681129 3.51402841297397 12.2076029778671 4.7536044756995 -4.36750188598054 -8.28361055791541 5.68547010572236
19681231 0.165562869013133 9.47236441895731 -5.25488190710186 -4.17693180895697 -3.70416490389108 -3.44599834317434
19690131 3.27895002422937 2.54942424188196 -1.20563870334122 -0.316500334315662 -3.650735763405 -0.673362001926688
19690228 -10.7753376266639 -0.919514607698551 -6.2276547995483 -0.508390115348035 -1.24532204698119 -5.51322326380492
19690328 4.90748855372182 8.85537702227314 6.43578798229112 5.33037720223111 2.2305375161284 3.00499437477292
19690430 2.82501793777326 4.35306428180863 5.79112970189347 -0.305766991174915 3.08909242816003 2.03181806502176
19690529 3.28794962215663 -1.26557471939052 -3.64627598053345 2.3907914551477 -3.92211931533965 0.50273417140253
19690630 0.349787529514056 -7.03162467618623 -3.89445912784352 -4.24253625614146 -5.65703514883944 -6.97649551811592
19690731 -1.90737529896056 3.68409607103553 -4.40104054377694 -7.32440377602264 -7.75324443558585 -6.7392723834906
19690829 5.48631149891428 12.9159851346377 -2.79633556435928 1.33820594932569 9.13496198580567 5.02082058919047
19690930 -0.705583395398087 4.03729337075393 2.24334772989557 1.19967503591812 -9.13502307622432 -2.28490629727204
19691031 10.1399782298817 9.92270443199286 -1.03473496547036 2.19053170546005 3.92207131532813 5.41453234833765
19691128 1.88688581360886 -1.6751526641288 -4.87155669518737 -3.39012068481547 -4.32969296471372 -3.26926275466047
19691231 6.07347334009906 17.7334140282908 -2.49578727687421 -2.67629542694481 -2.99428459769003 -1.98772500803904
19700130 -11.2267648405795 -13.0361564698719 -6.84169659238282 -7.70333237484534 -8.29849484887755 -7.60757531192289
19700227 7.62274387823769 1.05452033863631 -2.62484973515689 9.28216313892101 12.8906715270322 5.51565225030479
19700331 -6.14850543823886 -3.10655768564732 5.38430908917809 6.95932245723022 7.66332096274731 -0.474021709824324
19700430 -7.9021562553058 -7.73498367073322 -3.44858602817455 -6.95934089163193 -5.96682667697401 -11.1286931106433
19700529 -11.5133673318203 -8.96337214221612 -7.08742830894834 -5.404761035146 -0.886316203540618 -6.65095289646081
19700630 4.22497747567783 6.93758648023142 2.63906822488173 -4.33136377533886 4.0703267472478 -5.24255140537709
19700731 -7.28944011366933 5.73071250041175 13.0053225809169 9.03588512739516 3.8562804471126 7.15473393872686
19700831 -1.24228449986099 -1.36629139691833 2.09176916552901 9.26329628915044 9.02464717563251 4.8824449295976
19700930 10.6609735058258 8.14260580952867 7.98466884630262 -2.22803743778062 4.95146635611167 4.64407397653714
19701030 -1.13633186504118 7.30915271770786 1.90758927003163 -2.45621960949724 -2.74256689888619 -1.83758056904251
19701130 1.13641823790388 3.59962895129825 2.72415563931782 9.61171268622271 4.1826929404006 4.9216739839759
19701231 11.7657694468172 -3.02396439616771 6.72753974724375 4.93338258824272 8.09687403113931 5.89507510879186
19710129 -3.86150566002448 12.3614002478803 5.56778182991217 1.99849636130796 1.06105089272646 5.07216310191792
19710226 1.04442682519446 9.07899790725701 8.56463624476992 -1.41019669804792 2.63176329926454 1.6771567684465
19710331 4.49485087372425 9.14344972217254 4.09979790340721 2.31313945234171 4.23791814750847 4.38044226567729
19710430 3.55650007102057 8.97044972834907 9.26685118517693 8.05112132922532 9.64413579628259 3.27885324995777
19710528 0.240710060742308 2.45482119211943 -2.47179879123222 -5.96937427188533 -7.08957522452848 -3.7088348260132
19710630 -1.52598413906719 10.680477221705 1.92093140657877 -4.6304705482454 2.02025473175066 0.311414600994442
19710730 0.855232439439168 -2.36545765362619 -12.9424409266737 -3.04757024661109 1.82327682610597 -4.11168296465263
19710831 4.16974511962063 -2.859599588837 14.9791478012337 8.84759706152599 9.63914132425399 4.16322261939051
19710930 5.16194911795917 -0.963527048989701 -0.242193050738543 -0.301654520105824 0.180037834585499 -0.50286223548454
19711029 2.31157602558382 -0.415763098206887 -5.42935802208634 -6.07186262347117 -1.41283365767419 -4.15326636524195
19711130 2.57798262374176 4.72012835192197 2.54250272361005 1.24422728898874 -3.37108801994702 -0.1262796992607
19711231 5.50827054916002 4.41058766722461 5.25687306727814 3.15480844429632 6.81034093661084 8.73302428131857
19720131 4.72527925428489 0.126819550003501 -1.00301340373575 0.619179123555934 6.07497904531024 2.79876657401001
19720229 2.6566952478352 4.48318642360858 -2.24266069215569 -1.27347437353157 -6.45385211375712 3.08676540590487
19720330 4.34253229183683 7.02869671172177 6.92956256522837 6.27597525663483 6.45388336375224 0.868418309163038
19720428 4.4882539338415 5.28760911036844 4.5376725964618 -4.7085318245452 -2.32409917019684 0.548990286862887
19720531 0.686140661921153 2.62611379086768 1.64991375618438 -4.32227907933838 -7.04900631478203 1.62423755458646
19720630 6.48594071481481 2.68337333885471 -3.93075169206194 -1.32676270009044 -4.40260804590486 -2.11174112459198
19720731 8.32532407002012 -0.818036816168884 -4.2724845459997 -0.502058205687191 2.20637944200601 -0.426307400101026
19720831 -3.30853331485332 1.50807122680085 5.40676423228186 6.62146157059677 4.16725127270818 3.53343247659329
19720929 0.640146682050006 0.806439517808234 0.337729052863736 -0.158826061841082 -1.11944244167372 -0.770057345623197
19721031 4.17971988538976 3.84098075350964 -3.83926560871833 -5.05409458937197 0.449289182887006 0.863857979470239
19721130 -0.733684897401811 -4.36436800665553 6.58832415956096 10.19769980124 12.9040322850993 4.85653770019276
19721229 5.21644648083815 5.31093942793728 7.1078029366801 0 5.48527021730487 1.11802672405247
19730131 5.32544700248115 -3.11305668165789 -4.02502829784475 -4.89444760749017 -6.05071912116782 -2.78389320665012
19730228 -1.60856836976734 -4.3212349142893 -4.04501886486254 -3.82627721253322 -11.7782910656391 -4.53823772765866
19730330 3.6305892264265 0.309420799722517 -3.61599620345991 -1.71532799183111 -4.05855641387874 -0.788198136349393
19730430 -8.02603980330301 -2.39720472599351 -8.48990640397229 -1.21849357239362 -2.0726313763207 -5.31465896261111
19730531 1.12672850703352 -2.13227220550293 0.421012497323522 -4.55027237280029 -6.95751838550369 -2.48081942696765
19730629 1.02552348602661 -1.74106902597939 -3.02860266050941 -0.749098751868115 -4.69364832978932 -0.868460222571828
19730731 3.41801461979568 3.66423921384809 8.95499853283924 1.67755011498973 4.69360654378058 5.53911865465914
19730831 -12.9912804760666 0.843036440802311 -5.95048115380658 -3.61350786237457 -1.79379269310368 -3.00963867141871
19730928 0.612520258691157 -0.421085321150045 6.98096045363618 3.99675495861286 8.03903395502654 5.25326760367204
19731031 4.91539075306032 1.98438029190402 3.70047982879303 -7.15282256399375 -11.8670929717679 -0.0427091190459763
19731130 -1.16961338808427 -3.36519276619343 -2.87061058904314 -19.9380639053974 -21.4824500770617 -12.8632554407846
19731231 -4.69679254553308 -3.48616676119266 -0.198196279131246 -5.53499324815521 -4.23022562339069 1.13602275706345
19740131 -3.30481228462365 -6.05549992401426 -5.0875486944395 11.5069134132594 13.384009497105 0.43983132237743
19740228 0.478851673179709 -3.79303460351337 -4.87691143909801 -0.7759023521753 2.97723716669806 0.234923837737652
19740329 3.41240935780619 6.63746469264349 -4.28480038251105 -1.4962380214522 4.68835858988505 -2.36422893729684
19740430 -0.620118768170586 0 -6.17775361668469 -3.32083437239798 2.11487796499262 -4.70465351743626
19740531 -1.72550152173938 5.48877266689007 -5.5430260897984 5.50779734460459 4.69799553009719 -4.28887120437401
19740628 -0.190080538648134 -1.53339666491923 2.86030058078004 -2.78852034895357 -5.46040319940407 -2.32092632971113
19740731 -15.8406221815331 -14.2082131934456 -13.5709763552573 -16.752201230605 -9.5207785046847 -7.3516301071737
19740830 -4.81561152209565 -13.2296726567015 -12.690879905875 -0.365366651796294 -9.5882243401507 -9.18477808316326
19740930 -23.4028831596416 -12.8759937002779 -17.955259391247 -11.8952469177293 -7.50759789827311 -11.6217012510973
19741031 27.2644320087233 14.1775565847875 20.2124184090134 -5.77774289196686 -10.9512456380464 15.3223106907336
19741129 3.71792076212952 -3.27132924181837 -2.9853205573953 -7.00555788175552 -4.35716045690073 -4.19132146844738
19741231 -2.62536303448586 -3.79116503499934 -9.45700537651861 0.816358706188697 7.78606363789645 -2.73763355554813
19750131 -4.42810953171363 -3.94063303790927 14.6092298109095 22.4768630158021 11.7866587721368 13.243078718049
19750228 16.6447900970951 19.2452564393403 14.2151259595085 2.81704602999428 -10.7630868737841 5.67687268107089
19750331 1.45604798463874 -3.51858242766764 4.16149600399788 5.3054392743109 11.7783035656383 2.97442219434529
19750430 3.40661048027396 -0.275880199710685 0 4.45841885847309 -1.42419366336641 4.54483962012895
19750530 5.43186633402793 5.194233371595 -1.36801479812161 3.65334518525929 2.73991904043074 5.36734595457759
19750630 3.09364935655838 2.33776020013565 15.5802172505052 10.2515973781921 10.5697858751246 5.01920382275185
19750731 -12.3497331189163 -8.99334603015222 -10.7738897322087 5.24463293871304 -3.7787021380659 -6.22850620847043
19750829 -6.2123306783939 -3.05169411100251 -2.13911683596961 -3.01334873413981 1.27395067899723 -2.38389021048906
19750930 -3.07159414689855 -8.63523214871532 -4.08219945202552 1.511321780996 -8.58607664685987 -3.87512233808541
19751031 9.44761957726626 12.4790426445013 8.96121586896871 10.2105222937154 11.9467837802067 5.43527594477385
19751128 5.36279669174693 5.38317198577843 0.259363362256183 3.72216008746079 6.02593786526822 3.07454765058221
19751231 -12.6682897195688 -4.89224229152344 -3.64057189697849 1.31008084274599 2.88206658081933 -1.1058925116778
19760130 4.58630271379329 6.86217359580138 19.3996472303023 9.90495432983788 13.232303785787 11.868129876392
19760227 -7.14594825007979 -11.6548423104204 -4.80092191863606 4.38197367976595 2.97791663091142 0.728738241056784
19760331 10.3358613187549 5.14399836281578 -0.893883259006199 6.25202357692054 10.8777271892564 2.64461961148805
19760430 -3.2398199517409 -2.82503086927409 2.35309625263651 1.24007913674304 5.08765575648219 -1.04433423633732
19760528 -2.99057524217982 -0.718877745419633 -5.49716301246972 -1.81212016848417 -7.88148784311274 -0.941316515249942
19760630 3.30197963770459 -2.78810903874546 12.2848407195525 -0.182266003608989 6.39686713039916 4.35258557905479
19760730 -2.8171105538151 2.49833020434154 -4.7041294334172 -0.365667750354392 -2.0726313763207 -0.617603248672908
19760831 4.67471262069708 3.56412375443102 -2.79088541548145 0.693589100111254 -2.01129154305643 -0.143603059855724
19760930 7.1045430212979 1.67135472720809 2.92840072072937 7.7915215396676 6.97452550421128 2.41890712005359
19761029 -3.90298513685506 -5.3913566409122 -1.39539044694336 0.679088962533176 -3.12192900887514 -2.05833920136423
19761130 -15.7750317422673 -9.15277422489078 -5.28966843937246 0.674519990421984 -3.81640715956457 0.534966499114281
19761231 6.24610521925368 0 10.2244265189068 9.5151076238933 11.8545411640614 5.97687262305195
19770131 -16.3059075350284 -14.0884071726873 -5.07018903540274 -5.06229927740909 -0.325729924387963 -3.70136305529346
19770228 -3.07045984153426 -1.3373021582099 -4.59570312831841 -4.13804837796859 -4.43574033864381 -1.58855092302235
19770331 -1.11984694541841 0.749087322167467 -1.8486833332857 -5.81981306287617 -6.69895223886134 -0.928900957429732
19770429 -7.28879474558364 -5.95759218944701 9.22983761463143 2.4053383937018 4.29445403253126 0.493977917640715
19770531 -0.48899362745852 3.46410115411663 0.693688408872613 0.146193085814265 -2.04782554815098 -1.08435796811428
19770630 9.64322772901295 8.29964947921166 5.03251759120513 4.04468841751657 7.4723354195918 5.00912221881718
19770729 -4.35350465197826 -2.69077892836173 -3.83365441459241 -1.81823007345667 -3.41774518015865 -1.28927555419625
19770831 10.2311070823516 5.44881852840698 -1.85622169233112 0.69478079873862 -1.98588888788329 -1.34419394300246
19770930 -0.426407827368839 1.71530418112828 -2.99521195806691 4.15593226270659 5.84311591115159 0.15727625603165
19771031 -8.00426243402065 -0.170244834315411 -2.21955079529068 -4.89675799066732 -5.72859513842802 -4.00722756297092
19771130 4.83491145403895 1.3200488907193 1.09132334502625 0 0.870797529056603 4.44301971209098
19771230 -1.342268249436 3.64881369113329 -0.500048159476159 -1.77343277031961 5.61941157205933 0.818441610749594
19780131 -1.13248851201862 -9.56357327909483 -8.63283375868901 -7.64049158024917 -6.95784000181864 -5.6784130951352
19780228 -4.18662896066086 -3.39012068481547 -2.21004252129595 1.91288709615821 0.595225015933179 -0.931828063899408
19780331 -7.03505784683768 1.48147181380143 5.27726995279187 5.21492779290855 7.70712202513719 3.34473485410529
19780428 13.8979027281451 11.7783035656383 11.3902627713403 6.30132960729549 13.4012401921 7.95881428361318
19780531 4.88968251476142 1.04036934153641 1.18910207531626 -4.68840818989734 -3.23011089297488 2.29721089822498
19780630 -4.83607563781555 5.68877661070438 -3.31680276667606 -2.7000248134358 -5.9835995364037 -1.08092095839326
19780731 8.41922402886599 4.21117224635007 6.00418638106741 4.92909911156299 -1.02402528764966 5.51972141667038
19780831 1.31639734490605 0.0588826607582033 1.15876036516505 1.39305181999769 -2.80127180459064 4.14796981857739
19780929 -1.24228449986099 -1.64058429059254 -1.34541018962486 1.39581304685042 3.35227799507277 -0.691485258242153
19781031 -6.45385211375712 -12.3059557043085 -10.7201097378493 -7.60897807936726 -10.6582372932605 -11.7654668895749
19781130 6.03629405220477 5.68556457881051 0.577230812801654 -1.29038983425231 2.77367549715996 3.32335953091558
19781229 13.0808062725637 -4.79829900221515 0 -2.75243431575864 2.40250727620583 1.75550052458852
19790131 0.552968308294984 2.84066824957204 2.35924954882736 4.76819312585093 -0.834371215643783 4.83033790421076
19790228 -4.12814750652748 -9.86100182876494 -3.37232917028655 -3.15340116839849 0.609737318116706 -2.71307323903847
19790330 1.85999435776521 0.547995756778337 4.25593644187646 5.88404428800746 6.47281906491722 6.35549125532131
19790430 3.71792076212952 1.4466848687052 2.31675478310334 2.60322027435765 3.91110917604607 0.848589275029805
19790531 -8.01336284733738 0.715533939215064 1.4148437153724 1.74066219115183 -4.87901141694332 -1.36689965277508
19790629 7.29688235702752 3.00644995977984 1.76552252386786 2.77503719001654 0.293668372021514 4.57856551491333
19790731 -1.86926235783106 1.03987451519324 3.44014267173323 -2.55875879613793 0.875952311307863 1.48797454593647
19790831 5.47021775376094 6.83033004541534 2.85738513171808 5.29984398004675 2.64335353289863 6.27193674804611
19790928 -1.08496451150436 -3.96747362061508 -3.4387531813867 4.29071790112247 1.43889803092131 0.142698137761319
19791031 -3.8930035404152 -8.44082226831781 -4.79284355641994 -12.3298216344494 -14.4200679007148 -7.54350061200901
19791130 9.0314083711241 9.94715094495537 -3.25655479744749 -5.82235691518025 -18.5717717223828 6.16622009920015
19791231 0.619874800272988 5.84585127893845 9.30904452882339 -1.24228449986099 4.39192729973348 2.78213714523145
19800131 -5.3298461286413 -5.01318638460329 8.28878870784691 9.30348659671893 8.24441296426233 6.35445898514804
19800229 -6.87318341315952 -8.65594791108584 -7.64880330221066 -5.81504351421766 -10.1253405836374 0.101448523579432
19800331 6.30583637448887 3.40226110143705 -4.32092166690061 -9.30905450172389 -4.61298060622658 -12.8087949366623
19800430 0.554062236446787 6.64073986974899 -1.30720684094581 -1.36426390411585 -13.7832055804789 5.09668411074764
19800530 5.20296731941142 6.01011907326365 5.62810846547776 -0.330244708047818 0.511489658511697 5.83538101800715
19800630 -0.245100125104221 -1.89280098855189 3.96090992600937 3.83607280874903 0.508902889833334 3.70202169132445
19800731 8.7894570193001 3.13504002544379 8.82242245259501 11.8976989276673 15.6613074215684 6.71332768454462
19800829 -1.20462657910499 -1.30477529159283 -3.16052247364386 3.24052327486759 -3.11831808303852 2.32799078757242
19800930 5.14580308177597 2.02652653607243 -2.08580240314381 -1.41181943420424 0 2.90713047931936
19801031 -6.47476096617199 4.525630840224 2.81053192622815 -7.11952950421515 -5.87038426943049 1.98937996104461
19801128 6.16076678800464 7.47187141842622 13.381997598034 -8.82608845719215 -14.0490407641564 9.9800990095094
19801231 7.15892313590507 9.45589886399679 0.201796254331354 1.39867280857328 -11.2211709356968 -3.5014929871913
19810130 -2.38819162934346 -4.09261666126458 0 2.19786893274472 0.249688019858715 -4.09105401069666
19810227 0.902217747978023 7.85551402550876 8.59905227618868 9.77771343681123 -0.634911302898382 1.54017812927272
19810331 2.103422151375 0.725561425456761 1.48698931067213 5.3410900675868 20.1249618762806 4.51492583944914
19810430 7.26294511085342 2.73339991043065 -2.07355022887806 2.10538050310873 -10.189430768134 -1.13319648700284
19810529 9.92985791911714 7.91734068641271 0.190318778864347 4.03777358519849 7.32718369758247 1.34600063148176
19810630 -7.5946276184285 -8.87951487831924 -4.78969631922186 -4.83408151418297 3.73372097045539 -1.02948101793587
19810731 -0.270665970076842 -4.00785209652243 -1.42419366336641 -3.11398514413951 -8.52039205145679 -0.308475296192416
19810831 -8.59773663084333 -11.0910331882335 -8.77563817094692 -8.9536380310941 -9.06963399518494 -5.79247073678531
19810930 1.03631169323993 9.94859943965255 -0.358541994306147 -3.84664376905535 0 -6.58962424241198
19811030 -6.07165010372012 9.73744114478262 -1.14553628458513 -20.0982188415489 -17.6767011880626 5.84217266353115
19811130 6.95139357094076 4.29148429843242 10.6971916653597 2.96918031052753 2.28147529541385 4.48289957572736
19811231 -0.204609181893804 -1.66945822759176 -3.71194822858886 3.97407702078581 0.749087322167467 -2.84982448314232
19820129 -0.147608888336703 2.00006469046892 8.55582383615854 -1.30720684094581 8.57666025793189 -2.65585774204229
19820226 -7.35399796458574 -1.7445288005042 0.598207167754747 -1.05817901816517 4.68311036056483 -5.24792605253544
19820331 -7.66305357590481 0 2.04651528756709 10.2654056499103 8.15495717833413 -1.01503408538348
19820430 5.88904130629712 7.7961466469709 1.17645257900627 1.81276959697536 8.65088340694198 4.23571355880075
19820528 -5.37046203512688 -1.25787822068601 -3.57183735112125 4.04862581671125 0.550979317359753 -2.86176053063727
19820630 -6.11416304423649 0.634880362793599 4.11611370049408 4.00050208881597 5.34886328676515 -2.42025326991416
19820730 3.45801547058865 0.316000193064961 3.28533691909744 -4.29252464714402 -5.89986943531785 -2.07395861050252
19820831 9.48218787866037 13.2742581594889 13.4956501674065 13.5940737819963 19.5130833268303 11.2447046777944
19820930 2.59337932264199 -4.25599622449434 0.4640217519452 -3.68465736541078 -7.06177623359236 1.66220845320197
19821029 2.99470763679521 1.72415072891621 13.8743162725796 19.6518633023073 21.8253213078779 11.2110085973486
19821130 3.59905016329962 6.34695124513379 8.34630056262509 6.35746192333561 3.46854443515199 5.06313253343751
19821231 2.24060980682518 6.50421442981351 2.53519074028981 4.09058310058788 16.3843551798158 1.44116514752856
19830131 1.32064102071946 -2.55116729287301 8.70112936562929 1.39305181999769 1.91092497105895 4.09979790340721
19830228 -1.52760875525164 -1.56254438873407 4.71783897681634 -1.83493238533989 -3.85901120239739 2.97704303321772
19830331 1.33435771766168 0 -2.47272131889653 -3.51640724576798 5.42400484400633 3.40854347681491
19830429 10.742019306528 5.64247558898695 6.34216476665305 14.2960300431606 24.4042048513798 7.15650273227472
19830531 -8.61462967340221 -7.99180487771129 -7.90193981000856 -3.37760423109319 -8.90039062127366 1.31373261921226
19830630 7.69073359903291 6.82678086924414 7.07165850387995 10.3071798541801 18.4093319628137 3.71387396574641
19830729 0.93768991458957 -11.2719750745291 -9.78135105237166 1.19552503512704 6.7162263612989 -3.20759776710784
19830831 3.48525326832032 -6.09088497053546 2.47540741162074 -3.84196740707706 -5.33744057668152 0.345801417129071
19830930 0.12961596220684 9.28198086754627 4.02547936922741 4.69246155914723 8.00423999811815 1.59314183363845
19831031 -0.780235939645663 -2.8091908656204 -1.91389875537548 5.12936943874705 7.89830695322112 -2.84498873150352
19831130 2.83162830613844 -2.83171733817807 10.7532455288396 -4.9596839444462 -7.22266659973492 2.91276413438768
19831230 -7.84459831169448 -3.60396979511153 2.59191771256152 2.20911830242507 2.8929478045014 -1.05191325902093
19840131 -2.23785421179204 -6.31123386195061 -7.52570936794978 -2.55332157982719 -2.87277176880037 -1.31085427583697
19840229 6.30348912525362 -5.97287732086522 -4.46606025582042 -3.33075901747083 -9.28666676133256 -3.98568354361662
19840330 0.793642311351489 -2.46923625904028 6.28846542533879 -6.15297187931555 -1.69213621300928 1.33001594517186
19840430 -2.28347395058683 6.56538364421637 1.13256223299145 2.8437785787812 1.08627857267055 0.253079483544951
19840531 -6.59891728241239 -18.9436810279556 -4.37356099784196 -5.1784994199461 1.01869365232052 -5.37616013101471
19840629 8.01550090598074 -2.06191205360829 -0.235577265472501 4.89815744207495 -2.39331260732847 2.31157602558382
19840731 -10.6862754564994 -2.53178079842899 0 5.57761812186504 9.93909331022894 -2.0836581642796
19840831 1.78841214735492 15.1950833366925 7.56370168545477 7.82324547693898 8.19881985936044 10.6779608269437
19840928 -1.50151655012447 -3.77402895213093 -0.664502938545371 4.81423353260142 6.49025173828994 0.0403918413973168
19841031 4.87177805974236 0 3.09074070282855 3.81605359793956 3.27895002422937 -0.00740027381351007
19841130 2.27932489651477 9.67073850764615 -2.77731275080723 -3.12574641511314 -2.70290148537314 -1.07424945319814
19841231 6.59459677197968 1.74528098127531 2.23220000294467 4.90291832211501 1.10190664824332 2.33805326776735
19850131 2.10538050310873 7.65767080303618 12.0477180963292 5.88404428800746 7.64535049540198 8.22415192837518
19850228 4.75493947332989 1.71599227402476 0.46860035157135 -2.8987095696879 -8.84105371760741 1.67548502837648
19850329 4.8850162369504 6.45388336375224 -7.33527189676848 -8.529757366258 -5.17354974080541 -0.174852778411858
19850430 -3.02499510298522 4.3675200254789 0 -7.64815561074496 -2.14677929152474 -0.218839278572239
19850531 6.53831643260609 7.56935715691632 3.40844682787528 7.47678972124156 6.22421364634129 5.42750944000016
19850628 4.32405075584411 -1.33872101625217 2.04093059745471 0.522233981440668 3.66751683090509 1.69465919228189
19850731 0.221753944095459 -0.540558387857477 3.57184334792107 -1.75134694185097 0.221354829331993 -0.0251031505772077
19850830 1.79990410275324 2.03867703768752 -4.99604987438537 -3.04952906099235 -1.41050095907142 -0.480653289408725
19850930 -5.28513496307571 -5.21378614602536 -4.95695177865821 -0.558154789790615 0.566591832662143 -4.06397194666954
19851031 7.34474683548198 5.74714204038383 0.217164028139985 -0.373797754137816 6.45388336375224 4.34818140619604
19851129 10.9643331295969 6.58673253860263 13.0000541499685 6.69930064225442 14.9531456193147 6.6936892743698
19851231 5.89941167947016 5.36715640609156 11.1013507349564 3.03720636877981 7.14588950166253 4.21596594474684
19860131 0.455162561798788 2.11526959354077 -2.6110942945505 5.02272263388857 8.78368695102393 0.978100958843879
19860228 9.6217949474917 -7.08216856056705 9.68163177362147 6.53831643260609 13.6023659346134 6.9992371820035
19860331 14.5697336500365 14.2597917194367 1.28204654991004 10.3751722243406 13.2005854582861 5.24833360070495
19860430 -0.431328887044708 13.8150209448551 -0.478844633179969 -7.52236712376187 -6.85572520971425 -0.793137032628028
19860530 10.6512651694136 4.23542600016875 2.05866336083883 1.24225199985571 6.24704466449247 4.95936508113784
19860630 8.39412523094826 6.03017461682905 2.26876772207405 -2.70074397366213 2.68113421067379 1.41454792958047
19860731 1.89581531812052 -6.39648190694113 -10.3989234072108 -13.0544999196882 -1.96936532340685 -6.15563056991058
19860829 8.22074398722723 8.57565066357313 7.42304646512097 7.2533662149208 11.0487151972347 6.40831049513606
19860930 -15.4727012541723 -14.3491689241635 -8.17242874032264 -6.08418954186345 -11.9877602731249 -8.23180442897155
19861031 9.78451458793135 8.60345667324579 5.90893262059881 4.86139581698761 9.0581745631171 4.8126134226531
19861128 1.71137213088796 -1.29869667686674 8.48235688150301 4.13137136066075 1.94182397032437 1.49802339121439
19861231 11.8687515380136 -4.28772300706986 4.28056258221757 -9.90913193109844 -3.92211931533965 -2.67424119944726
19870130 10.4351006274652 14.1830236761531 15.3320049234877 13.1161586851639 28.8015516853017 12.0885772741037
19870227 11.4950583604304 13.5512928085744 3.06960194425433 0.827169500926525 2.6535790941813 4.68053385627982
19870331 0.597908956574514 2.57525384752951 2.03955887147067 4.58343715437859 9.96154442934858 2.33883477725293
19870430 -4.71744201870423 -1.56589641384004 -1.31977078790601 14.1499562273699 8.3795963082515 -1.7147176129486
19870529 7.11376364999297 -0.812491793354733 0.481936816671482 -3.96653719993745 -0.137494480353919 0.511191188617611
19870630 7.69906703268092 6.6081704816907 5.07111749889251 -3.12760358435394 8.56353473616209 4.27356822512788
19870731 10.4333888856823 3.60763517493565 8.58611323785318 7.29186223003585 3.35227799507277 4.32970091431341
19870831 8.07944250632094 5.03641628785233 5.34004727270689 4.80527494889032 6.08420099506281 3.64727100798303
19870930 1.21577936035922 -4.35413135190179 -1.07778731718784 -10.2947872866905 -9.71641974333404 -2.09928152889994
19871030 -13.0859536641397 -17.7100012812883 -26.0942775262159 -34.9814246721258 -24.7677051563621 -25.5360746453065
19871130 -6.54573431252399 -8.58302566051934 -11.153621274623 -1.50699839405572 -5.96937427188533 -7.50177705101481
19871231 -6.50090318103596 2.53606820651833 4.83691231631539 8.49769756645334 5.80368057185983 6.79642092619974
19880129 -5.01318638460329 4.56853492159533 2.24100094328194 6.88569955895731 13.187176620615 4.39020462871288
19880229 9.83809148134526 6.53756706301326 0.827566205108196 11.1425983460206 5.99326177309458 5.04031483250708
19880331 -5.1969312309869 -4.76651472383618 -11.0870110081444 -1.21849357239362 -5.1146989301188 -1.67372902459431
19880429 0.238615087630209 -4.67447075428957 0 4.95403588934658 10.978222547451 1.09310379215593
19880531 1.73230851825812 3.24700942959174 3.94591462643094 1.81669766231531 1.83496113953575 0.0447899677961734
19880630 5.81358804082571 2.06845911928326 5.16204408693042 6.44347657551677 10.1196457990876 5.01796745430833
19880729 -0.668932372132269 0.784316183602571 -2.59754600874716 0 0.655149203197175 -0.729856988114726
19880831 -1.13390446699938 1.85763855729355 -5.71588844282947 -7.78350629819666 -7.33828505025983 -2.84056473802562
19880930 5.10656684827398 5.84434211975702 7.97091135756738 2.87429355322118 3.73641831751837 3.65267029489281
19881031 -0.869569823392953 1.30149370774948 0.574745171110758 10.5860690549507 1.88914279664087 1.74832730056026
19881130 -0.666012950680863 -0.576357754912805 3.10324731365513 2.51676217068955 0.966217052708778 -1.6548168795855
19881230 2.18828151456062 -1.02261088764317 0.354969238083962 -0.894185953135292 -2.92702238842842 2.08559938793772
19890131 12.2102581858364 7.35831201572921 7.78920890579489 9.01249414798313 9.21552081110237 6.40099439652679
19890228 -2.1298205115355 -5.61154285265117 -5.57918186449143 -5.05020285735614 -5.64856989868623 -1.65827367121553
19890331 1.99173266003159 5.23087286596223 -1.85316553233479 -2.82122492510889 -5.47402810575392 2.12378713503101
19890428 5.26436822033694 5.7541284979883 9.37771871895371 0 -0.770258891886132 4.70782234442839
19890531 2.22418069400921 3.27982098845935 11.1225582478644 -0.90770722544708 2.07257305170369 3.85839720151242
19890630 -3.6701329467251 -3.08510368171157 -4.85748873431508 3.34889332270631 -0.514119331487294 -0.487787752435391
19890731 12.7908488688519 10.8749466670831 12.5020779879688 7.21811169600077 4.28813126683649 7.43010249464038
19890831 -2.90354791989378 -1.33912640796191 -1.50699839405572 10.3129528856457 7.71471349307151 2.1885750205929
19890929 3.18551926438579 4.43479310935759 -1.24856219894459 -4.96830126400276 -5.72944230887871 -0.147508740668964
19891031 2.76667221242204 1.13513291945387 -2.01129154305643 -4.94602386191806 -5.55697940119553 -2.97182449518578
19891130 1.2759253420951 2.52319793011138 11.3006311921715 0.561818838263535 -5.97998994934006 1.765817273348
19891229 -1.17963036129725 4.96326663076724 4.67910243632553 -3.77402895213093 -2.26638968264963 1.81296600390696
19900131 -7.01456785709144 -12.5444182441904 -3.55069776135782 -1.49035076046823 0.571464029472014 -7.26943563948368
19900228 -5.51248359030737 2.89790225512913 -0.0482116199340204 9.17547759308109 6.45388336375224 1.47910707909007
19900330 2.27736994829639 4.55659242708066 3.96879116913538 2.2039339675276 2.68113421067379 2.38532360221595
19900430 5.2551652323005 0.886954899900949 -0.389858963440859 -3.60645789886557 -5.15722806690254 -2.86937565015202
19900531 12.7368943679974 12.5786478052076 8.02113088441755 10.9588664425558 4.43287984893219 8.52010727105128
19900629 4.72060529847201 5.88960699074702 0.543022957986686 -2.0780425184763 -5.286400098577 -0.420482791126468
19900731 2.70099255455316 4.15593226270659 3.37210020442443 -2.12205721049429 -3.48875548584726 -0.944950628673045
19900831 -8.10668986447646 -6.82595689903879 -14.4309265796401 -14.083456743179 -17.3923717561213 -9.63963694948221
19900928 -6.9758521665114 -3.6861099233134 -12.0346694022083 -9.21701149721303 -12.1823060578078 -5.53467617553871
19901031 0.980378546245144 1.76306624441389 -4.69574446263391 1.36987423173403 -8.00426243402065 -1.25828328479753
19901130 11.5069134132594 8.50550479585987 5.15340154119199 1.3513282925017 -1.36061452065852 6.36731468091929
19901231 4.73815534954573 2.82705942169884 5.56806558265573 -5.99825155108193 -2.77792965014777 2.90858748950533
19910131 1.79194827429438 6.41028012254359 10.9274047791395 5.31093942793728 7.67869519094041 4.79116831798789
19910228 10.9858385060239 7.50833534575395 6.80968701976572 9.59372558782929 15.2874723283678 7.31082583206156
19910328 3.7807214634774 15.4803038423682 2.36159356207114 -4.53154081325947 -0.769251164633544 2.85126241200408
19910430 2.11027621466223 -1.44458405317248 1.60288488766055 -5.4435066694887 1.60859249856443 0.331649434781491
19910531 9.82585563401343 -3.74651350826561 9.44743760722216 19.6785612838109 12.6293386341184 3.99243117235903
19910628 -1.8594816992793 -8.18838181444331 -4.29816164926252 -5.66465448672266 -2.40150671761144 -4.50277011188764
19910731 10.3205294837026 9.2857173643258 -1.01867087882311 -2.48461243727022 -6.01035700874672 4.57331152008491
19910830 -0.971705806338103 1.78477766436218 2.19415147153552 -3.45521080691972 -7.35345981025061 2.64656739340275
19910930 2.52934076866051 -4.96651468551596 -6.8968586067559 -1.65837534336656 -3.6814410622812 -1.10356696202645
19911031 5.33085124708998 7.36026302042701 -0.541965986072661 -6.20892563701699 -8.61026990534117 1.76326274899048
19911129 6.43681941327503 1.71972755284901 -6.35725878014194 -12.0098589483091 -12.2401559637767 -3.79874739055001
19911231 13.2599833858359 17.2327616656582 17.3920533477144 -6.29142409950712 15.8605030176639 10.1453091609843
19920131 -5.79533179278008 -6.30835800778179 -1.64749700938793 11.441024306963 9.40976267771278 -0.118269911295532
19920228 0.317694815181708 -5.59557255947773 4.387333444397 15.7564275445937 18.6411514834595 1.3265621278893
19920331 -6.42569607794092 -3.77402895213093 -3.00170372151551 -2.36095243422637 4.32682799227378 -2.39853627505113
19920430 -1.45483154013746 -2.72920632366273 1.14847965226765 12.4962534598201 17.633198842164 1.3329762650445
19920529 4.1373202577178 2.55985435743664 -0.326833519348557 -3.99442548464531 -2.22854870430539 0.641835820048165
19920630 -2.80826522871793 -7.91828274765009 2.48925925930377 10.7490246170951 3.32442356908554 -1.94754208340534
19920731 6.21321907454765 9.58182325418557 -1.6207637024254 -5.54883973294065 0.597710148626961 3.91245546840501
19920831 -5.95706149768499 0.718214652821186 -3.32259178986272 -17.2639380702942 -11.5736381482604 -2.10418347967309
19920930 -8.86487166990056 -4.66409753311743 6.33550085627734 -7.49412423038079 -3.11553260076562 1.2372148359557
19921030 -1.41445643662232 5.92193996599704 -1.93551074481263 -4.37450123775985 -6.80893512129247 1.09260922668856
19921130 2.80917071661836 1.20273802127185 8.12951538045735 5.38108726262959 14.035741721873 3.9406272859091
19921231 -3.38060389957832 0.247792740053015 3.4010045789982 0 2.06189606720702 1.76169070156571
19930129 -7.16721718945219 -13.7783850090337 0.728341144625875 15.7467743711482 8.17007170314474 1.25637445937957
19930226 -4.75529298595476 -2.92887587065821 -2.34958789618004 -0.797874570510319 -0.543474149004557 0.538746153236592
19930331 -7.76102518277926 0.293668372021514 6.47797420414694 1.00166652866543 12.5323424225924 2.47667561831309
19930430 4.49121783023728 2.31890437726981 1.66899447851644 8.28501477385625 5.88130996475467 -2.57281485727312
19930528 3.32258567786254 2.84737477633725 2.31773187708903 -1.35473523853744 -5.15333231921594 2.91684347959507
19930630 -6.75927806431479 -7.26008008149578 3.83905609799886 10.3489366148952 0.479647848354176 0.54252566450647
19930730 -14.7716092922604 -12.8381248839991 2.83162830613844 8.60749386680958 1.70783315347512 -0.0795316180086543
19930831 4.00050208881597 11.6503995811326 -0.254122618185582 -2.98212666823225 -3.37377719848588 3.8719626091665
19930930 -2.68677264363043 -3.43243996839906 -1.79206193845898 -11.5784658742283 8.00423999811815 0.0640794647249281
19931029 4.37441209472013 6.75100393011776 1.16656904654466 13.1658765352027 11.9691435724247 1.79027845215496
19931130 6.40521528797032 4.09307886019643 1.40754741045461 10.5990217354091 -1.83493238533989 -1.77628290997665
19931231 1.17556310108534 2.82501793777326 7.08246594052488 3.94937527976417 5.98977694879765 1.93250622997753
19940131 5.9982533368819 -5.73219566241055 2.70449655885178 10.990586986623 4.39795641461817 3.09810912796674
19940228 -11.9926080337141 -4.81005020410382 -2.22885546547495 -4.67918621056062 -7.55439257186619 -2.45222271068025
19940331 -7.51891718241054 -6.1014072642564 -4.5181483297708 -7.80772238363345 -5.58573782010362 -4.68767459222431
19940429 -0.421085321150045 9.16909108721839 -4.8665171981281 5.19888524309596 0.127618532898281 0.943336556646982
19940531 2.91082153056031 7.37103931296548 4.36522256350418 -5.05977468631382 -1.07647323880912 0.931646663734878
19940630 -1.55299681183074 -3.15660053265412 -5.71821788282161 -6.73328215611689 2.14140733173755 -2.83058575047307
19940729 -0.421085321150045 9.18587760111854 7.73581844864895 2.21410674830513 8.44661406219019 3.01731765817697
19940831 14.1411884819033 7.01415448423705 -1.24846094260657 -1.81690622903282 -8.59424939032909 4.17147159258987
19940930 5.14029383764288 3.19045924124639 -2.57558526297869 -6.95258706486287 -5.26436794313694 -1.85336927342876
19941031 0 5.40676423228186 1.54638164903367 -17.1183416813957 6.99289665465599 1.44155942343102
19941130 4.46042726797064 -1.77302561414265 -6.06251218165598 -3.01984167513001 -8.39339353562515 -3.79293073767894
19941230 3.10567089451535 2.5434776143248 11.1191581898841 9.97711240713592 2.72746421348807 1.25301685252343
19950131 5.42400484400633 5.98186500496079 0.975625261526451 -8.02896548291421 -8.86596437261331 2.01937272771991
19950228 5.14485323375164 -1.88434274754506 6.11957528077233 9.67709305700635 3.40661048027396 3.88504523075012
19950331 1.28954945482115 4.73205133329191 -0.62293622513412 3.17486358145782 2.83036459302851 2.66818522527686
19950428 0.58478678416016 8.84109804209759 3.63676084565885 2.52466054494496 2.06228790330197 2.47394407622082
19950531 9.18587760111854 2.21381331720056 3.50910439491631 6.79950404858079 7.5423748996729 3.34415458892409
19950630 5.03090101387018 2.05807558481677 -2.11705224382989 -2.37170386174471 1.69495415070504 3.06969892123926
19950731 4.96383757648171 6.10602916044514 4.55114617608261 3.92207131532813 -1.49004625639624 3.99733144932175
19950831 -3.44858602817455 -3.43099109050321 -0.212124825709931 -2.75551808321814 5.85943268676657 0.926197517887127
19950929 12.1884833990061 7.16460154524452 8.59629942951564 -0.531912147760075 1.21212400504098 3.57165036534643
19951031 2.64335353289863 9.48500739718683 -0.787391809099458 -6.89932286298724 -6.72729228754993 -1.1381524522413
19951130 7.33313134895892 6.47881774708351 5.94615928191504 10.9239084276716 -1.75439999164442 4.18211751729679
19951229 6.4008067972164 -1.30720684094581 7.64785173328326 8.63666692102241 2.18828151456062 1.50767721305173
19960131 6.63222418614734 11.5831799900121 6.3887058982174 -0.473921234727827 3.32084448659746 2.77552350440031
19960229 -5.68434046370284 -2.28633866447372 -1.6421091139545 -1.87007745589245 5.76290808366359 1.61784207274622
19960329 -5.68296443611452 -1.34591696341674 3.68621647325663 3.82818109840919 9.53101798043249 1.08677316944804
19960430 -2.8514707498211 0.270633457071554 -0.805838171816319 1.8604851425448 5.24197596872145 2.51910249476604
19960531 6.59581380045489 5.52558829530338 6.87767147934432 2.32300801964381 1.72719769195434 2.64471700148482
19960628 0.524720928698111 1.65502853376152 4.72060529847201 -5.11743540928068 -11.9926080337141 -0.833262005315815
19960731 -0.581990282762624 -3.5994084323414 -4.76903192206882 -7.17237397729019 1.1821845802768 -5.53213963079868
19960830 2.11752142792922 3.47810647906065 1.05818145936513 2.58178329509672 3.41588852292287 3.19472098598596
19960930 7.55489334701231 3.98061186930938 9.55565130981513 -3.32941499745525 -6.95258706486287 5.16574780646242
19961031 4.85367987417892 -3.98058443091315 6.12710011036201 11.0814813892638 1.22447264164372 1.35399201657556
19961129 11.6465723937722 8.16500306222598 7.22601946352582 7.88583142487787 4.68835858988505 6.34460496077998
19961231 -3.65011345618021 -6.79876625930246 -4.5289249528793 -3.30791313353296 -1.53847405449217 -1.14229946904489
19970131 12.9402379972094 14.9112868481284 4.57149643953588 5.66600674637957 0.802967569414926 5.20695430286028
19970228 1.64165087050455 -0.10395401346657 -0.605730850776681 -1.064950521861 2.30776507045541 -0.114465486749329
19970331 -8.43853734116608 -8.38545468435101 -3.06468539551858 -4.41577603391803 -4.67006986237477 -4.58554745864534
19970430 7.01788346212465 14.4989991410138 11.1888362826112 4.41575453801572 11.418189265065 4.14326880090214
19970530 -0.554836374243237 -1.49167028882821 8.41922402886599 0 7.61616476321896 6.91752548540939
19970630 13.3708876873261 7.03811074413628 7.38125713843534 -2.87308051257854 1.32448978025982 4.31983687051672
19970731 1.51565568890113 -3.5576401730197 7.95927603085551 10.4238386306112 8.31557034243216 7.37168956932906
19970829 -12.3439629057732 -8.77214472116492 -11.4113152921279 2.19786893274472 5.0681707406353 -3.6940993689487
19970930 8.92893637398597 1.74872036725681 8.80731464462223 6.46007067040087 4.82366776907136 5.67895124708716
19971031 -11.310375060671 -0.543172514598531 -5.18250146730981 -4.19507563322437 -2.28060931876343 -3.51381780519575
19971128 6.04599023685785 9.60226532075888 13.3772738498264 -4.37878466481557 -1.58621412190993 3.00043340454702
19971231 11.577390759849 4.56165621891593 -0.271067055011591 5.64143593222489 12.1651100593807 1.76159244778108
19980130 10.1934553746456 1.60003096004089 5.46946033723297 -4.74019282150205 5.71758581322406 0.45187749407384
19980227 8.32320777598215 12.1630734869674 0.322080762606856 18.1062431094456 10.3520924647365 7.06727929617109
19980331 0.839169106243166 -2.60411464535714 10.6500965098077 -1.73760937115084 13.6151955947104 5.00503222176046
19980430 -6.1844553130142 -2.67372764916633 -1.1670840080706 -0.555037487202347 8.26678742910645 1.08034322052435
19980529 -2.94761856543886 -3.10717661945133 -2.15066182645271 7.1587369530903 12.4280106132902 -2.60924669294261
19980630 13.7157684672683 6.90530030123484 8.61364109851582 -7.30385441957017 12.8700115778525 3.14550614574977
19980731 -7.92250420532005 4.2981900243585 -1.25959975449166 7.91068853129677 -2.71451175235554 -2.35388783976954
19980831 -6.36962093151305 -10.932391511475 -11.1513853111631 -20.983623767583 -24.475669160035 -17.1578668810051
19980930 11.5271439793966 12.5802350382108 -0.172047917587863 -5.75380152912285 5.18530876740477 6.18803037060826
19981030 4.15746711880906 4.06946264092816 9.5095611331611 14.1048939925365 15.1899290207679 7.17223430879265
19981130 13.8493311916768 0 3.23287488027639 10.7731801934914 1.48659521384846 6.0139798426213
19981231 -4.67488989695421 3.17970721445477 12.4430227378166 2.38630002645275 6.37575912912184 6.11458976932601
19990129 -0.509797260832826 1.47930414245183 2.77960845185582 22.6456457575191 5.3252573745596 3.76280994632402
19990226 10.5020157742642 0.585681532435159 -4.4478672023799 -7.74351935286096 -3.52003257522018 -3.8849981882612
19990331 -1.36507489630398 9.09077761576392 10.1014786641078 5.29273086587971 -4.52662305234641 3.71618644087536
19990430 -12.9749979757901 4.18911827347721 -4.86210784652254 2.34303528610123 12.7521242802788 4.78373294141601
19990528 -3.98599574263725 -4.82746970454401 -3.56209600459001 -7.39189131034335 -11.266378640128 -2.09386923738035
19990630 8.86672552661651 5.64086884216249 10.548370806933 -4.44514898435983 -1.21080069629675 4.97620726657014
19990730 -8.50068419585267 -7.34215923816058 -3.28341904738872 -7.67341868695034 -14.2130545301627 -3.11140610297528
19990831 -0.64910211703712 11.8609360822353 2.99373713519144 8.80337708335487 7.20806327750174 -1.00341743679373
19990930 -3.15247233988344 -10.6991845553176 5.71031345342981 -5.12932943875506 -3.66339018365235 -2.31335285936942
19991029 20.5044751678953 13.1147553536548 13.3531267624515 11.2583765065658 9.71176362793867 6.02000611150583
19991130 -1.1058925116778 -0.689773476907079 -4.04762209734853 2.88605002330115 -8.30849138269643 3.6193057502938
19991231 -15.3689786055112 -10.6700301659289 17.5961373641272 0.950369647341579 5.41974233199368 8.05877898584775
20000131 15.9584177322244 -8.02105550924597 -14.6774120330047 10.2864302709017 -5.9159944979435 -4.05553634028243
20000229 -24.7018810528878 -17.4526021092779 -0.939903284584433 -5.09259934297542 -17.8310013802617 3.12748047947815
20000331 1.3752992551986 -2.46062663183182 16.4441829539918 8.50238197724029 9.85811878560565 5.21682614921679
20000428 11.2178023549607 16.0737794217671 1.03878588861936 12.2718392279005 18.4360310455969 -6.13074799109637
20000531 7.50276919389305 8.50091238179233 0.515369686070318 -27.4857987000888 -11.9926080337141 -3.98297785959873
20000630 2.64481439138677 12.9507808856895 0.591348085606587 -19.5864043721404 -8.08749705749121 5.03594084517954
20000731 -6.66067918689871 -9.04751872417178 -2.72715100897856 -1.95661752531674 9.02766235982622 -1.72539978131684
20000831 -2.07549005644787 -0.868762839756559 13.1859495783566 24.4215177012787 -10.5826179618016 7.3074795753606
20000929 6.32517561104361 2.15207583065563 -1.48202798284804 -10.4879520243559 4.54627296322496 -5.24919071737819
20001031 18.9154823425 -1.94835781977565 -5.11217301581662 -4.52390269275656 4.30125534930714 -2.48707284520599
20001130 3.011883956612 8.52185207829834 -10.0683691292193 -21.7125446488647 -13.8328020932076 -10.8192299152485
20001229 1.36888783221067 4.93852251807429 -3.00046716265272 2.86263287883229 2.97723716669806 2.01408054016354
20010131 -13.0385489029479 -12.0558759415723 -4.16911221022352 5.28134883070261 19.5215570560126 3.87696499010847
20010228 -2.43879839943742 4.73929981111473 1.1245531322757 0.223250610271568 -1.35716800300947 -10.4546402693289
20010330 -5.06377198498199 -10.6811567925141 -10.1306521983695 -2.79561571635004 1.10853300621644 -7.28836450250706
20010430 0.0921575219078711 9.80400865794235 14.7851740238091 5.55179579164881 5.73562276068485 8.05711833902576
20010531 -3.53691798393639 0.856620507605231 0.963840101999688 4.61715003650462 -19.1179876108817 1.05066117438237
20010629 -13.2847055408088 3.09752742993201 -0.511505964113029 12.3041187315363 0.818044870368553 -1.76345792118094
20010731 6.17374141979715 7.88111804242898 -11.0272560018847 -1.17234519036064 3.67898764468515 -1.84909079762493
20010831 -3.79272300633374 -2.26199121188468 -5.96767586806642 -14.0744775197146 -23.3305004452119 -6.08971589513062
20010928 2.27795643677484 4.97744415142807 -9.24837778441469 -24.3905088217288 -13.5618139796302 -9.60033199704771
20011031 -4.27947725010732 4.43106221762143 -2.14657495175674 -3.75253510920348 -6.85808135373473 2.75830653504048
20011130 5.99147228389481 0.893892846905747 5.58149562492379 19.4668353760986 16.5566979470153 7.57881313240458
20011231 -13.5747560797846 1.44865612386255 4.46999056938259 -2.23816100150866 -18.6342831291364 1.76846997957518
20020131 0.644220436885066 -2.7272537737095 -7.59139095697977 5.09430830707254 -2.05660386204666 -1.61903593987278
20020228 3.56856259350164 6.02254833477437 4.03585271358372 4.47410250782267 -2.78348191547345 -2.19450406255712
20020328 -5.70339509975342 6.43841342205244 -2.76518117043811 13.1902441603914 10.2736175086511 4.37230623506985
20020430 -5.79151706964375 -1.69244133307657 -17.14326566338 5.94078818885391 -3.01654362067266 -5.0923888941934
20020531 4.95432138896377 -3.67625369455791 -1.30801737053572 -2.36607201745246 10.3796793681644 -1.05150902997666
20020628 -11.3174297225456 -16.036360681651 -6.32976912854401 -15.0804285256485 -9.81465986396315 -7.283201729968
20020731 -2.07508166856923 1.40606836483341 10.2948208382849 -13.8220081653556 -16.4727248393003 -8.46182428208549
20020830 1.83780837038304 2.81840713240949 -6.57819605547072 3.81460974991127 -13.491062904823 0.795031234687899
20020930 -9.22073984129138 -0.424399301175078 -19.4132229009547 -20.7286196380315 -18.3171918248794 -10.5332738265844
20021031 17.1101344983156 8.28271352469208 2.40494789950209 -15.693923089099 -13.5282639448208 7.22834515850172
20021129 9.10438190889809 -2.62998284701468 7.14449294009022 18.9812595438468 29.6508504640654 5.94710154919859
20021231 -4.19382422930558 -5.98030843707537 -9.99673074080516 -7.42247482025485 -20.1843271549757 -5.47835889114252
20030131 -2.17866140970754 -0.186373567688825 -5.09691364061106 -1.4483379611687 -0.972412643931575 -2.3708846646807
20030228 -4.88352651864676 -1.79745791947254 4.64416943860457 -5.83730335448393 -9.07105742272182 -1.55279368180009
20030331 4.43115788325091 9.83383176363702 5.85433987498636 -0.445189499525175 -10.1096287084149 1.02789897102158
20030430 6.02160677813643 -2.64394624445517 14.4015491889072 6.97853573870328 32.4239868185558 7.95456610894237
20030530 -4.57183370650463 -3.19087111159458 -2.57968970881239 -0.612169942504769 1.92308952611121 6.1572877961785
20030630 9.15741185015128 -4.9986779828465 0.590552799268707 1.87864248628325 4.56108297233392 1.62020352905644
20030731 -9.10588296136382 0.173948621624366 -0.840320826475446 3.89533697279045 1.53505747382771 2.28665561197145
20030829 -3.72917747517369 -3.87803301361182 3.89639494230651 10.5627679966264 4.42159086725331 2.46038281613459
20030930 1.32271344810933 -0.121073264105679 1.44372791310762 -0.41445769055568 -7.07862643693477 -0.914266710136313
20031031 -13.4491853719647 1.62246653902705 -2.7203687702206 4.16331854159378 12.7127682570006 5.85811235306162
20031128 -8.60874403142411 -1.58204865535422 -1.17892205749765 1.41947757856089 8.45350634545473 1.64696280396105
20031231 13.7188198353058 4.6759532403007 8.39256209376867 22.1740167030983 19.2371717647441 4.45268032334738
20040130 2.9852933737916 3.3501505001013 8.20766378345218 -7.22083928819922 -8.88312137066157 2.28020461074449
20040227 1.0033495711707 1.35724758297781 -2.74318358391636 -2.15679245168645 -5.58647803564381 1.5348605203048
20040331 -7.60293552902074 -6.09960032699906 -6.34734884862425 -2.1424882440794 -1.31774423807662 -1.07424945319814
20040430 6.16490380993238 6.3218900821553 -1.88525987162737 0.677102478569982 13.0394728432796 -2.45283760779259
20040528 0.636271492947755 3.57232580272833 3.83212703142797 -3.27969895153382 -3.37667331778965 1.40291299439266
20040630 1.19789648523925 -0.0179016022412077 4.64617412096988 2.60945562372435 5.24710006192414 2.13338073825868
20040730 -4.63193690990888 -0.774995346006136 2.58967653561224 -7.69350414741224 -5.44931452963705 -3.84092824522343
20040831 -0.841430115103785 5.4829036278678 -1.39315955805574 -3.13152438824305 -4.23231206465223 0.271231833675823
20040930 -29.8038178954087 -3.09387038680264 2.97451926367657 2.79283475588169 -0.426106545867978 2.03456171054292
20041029 -5.25698983734631 3.57464155340312 1.59530703879171 -9.70771399593737 -6.77222504963805 1.7654242738481
20041130 -11.1018715343125 3.74036787302531 3.56972051911652 1.39107946842202 8.45782526752596 4.71135212937423
20041231 14.8937112774371 5.01159515914336 3.77407724271927 3.73853761059934 3.19249327843738 3.45743586236518
20050131 -13.6113007841592 1.99820229685197 -1.0188729267812 -8.46084481551385 -9.8251400957734 -2.69160075019693
20050228 12.2328246075393 1.81493005200657 -1.98466482650883 -1.80926900724673 -4.02846389216386 2.24412997986159
20050331 3.25862537171096 2.35026365569679 2.41383126530786 -19.3094577964018 -11.020333430839 -1.70851230578135
20050429 4.61829588376321 2.1651896735099 0.38744844818817 -9.67400015123718 -20.716440066848 -2.55044920753472
20050531 -4.40229454351362 -1.76396681796903 0.770523826035182 18.2758961118734 9.12099672277736 3.72148566136128
20050630 -3.96154310441394 -3.1797215620558 -4.51375431191155 7.54209669415414 2.57184277254839 1.1466013309135
20050729 0.840656560311862 -1.61293819298836 -0.433839725077212 7.96804882338413 5.69416125624722 4.24194379278639
20050831 -8.21649580546377 -0.375905640795819 -2.61355781646313 -5.95897200120887 -7.43949364009463 -0.59597239272603
20050930 -3.68009232078669 -0.173650685568201 0.829648876243099 -11.0606473888923 -1.10943149535284 1.05254129864874
20051031 3.6446676762003 -1.04847736422769 0.710271588700588 -11.0784085548758 -15.7876779790334 -2.10050699406611
20051130 5.38061345585273 -0.86603931806127 5.200119376765 -20.1482358104505 -2.31007802280393 3.96119827511941
20051230 7.87862263236598 -2.70844958638288 -1.182767195574 -12.0183163660615 -5.17470815438961 0.347096921082623
20060131 8.11789849428608 -4.35298240504214 -6.78731414757942 21.4247296727409 11.7206869704655 3.93293610970336
20060228 1.03809312008371 0.761790990269455 1.12346542715057 -15.7203668792333 -7.3749882429347 -0.164535285092791
20060331 2.12868194555386 2.68687796057497 5.64824076214458 4.61839137044209 -0.125578817200626 1.88786711683844
20060428 -2.32604386412511 -1.03544224871962 -0.547797675474515 7.29651050441132 -12.1401825585404 1.28856226265233
20060531 -2.20309080708221 3.33071083625923 -0.958579730359668 17.2218189231267 2.97684889936048 -3.15340116839849
20060630 9.0135907223761 -0.499445153491328 -3.11274719607966 10.0931622573693 -3.26502658948453 -0.0395078033049414
20060731 10.0214497590041 4.2956035833443 -0.822573881726727 7.87252247893597 -3.07716274167541 -0.190080538648134
20060831 1.62561498944856 3.89591404845949 4.10546074637665 -9.08835916180876 22.7034372244042 2.47735849217799
20060929 3.27498220229696 0.432065252333529 4.28161648402555 13.0872109864353 -3.40253524421282 1.92652280210917
20061031 8.06662055660141 3.7181134626344 -0.539653513753104 4.87044462100383 2.32144474716734 3.64148573420298
20061130 -2.0238422241004 -1.66813635119837 0.483031522128548 -16.9348077490243 -1.82821038780413 2.34401212333672
20061229 -1.19784561095219 0.166760876726311 6.07582599452859 4.9718304742254 -7.9325714774388 1.07638612337118
20070131 2.60341513491057 1.17457478300503 -3.1670249778844 6.67329865361052 7.93258353973807 1.92524759906985
20070228 -1.34986988713648 -5.37383864534821 -2.41451624685385 -2.12348724698067 -2.74328636512447 -1.4097910181233
20070330 0.901920442016 -4.33543649319458 1.28076310189731 -4.02992145268649 -0.253120078753185 1.28639040557624
20070430 15.2369952415751 6.36459354014184 4.15458924429187 1.90729493812826 1.8832549079281 3.91158999682635
20070531 1.94447201177912 -0.836589673210828 1.93446793167536 -3.22133223646516 3.66337159135062 3.81605359793956
20070629 -4.42434660842351 -2.64250874586697 2.57437672507591 23.1444998753507 12.1771515529655 -1.48689976861222
20070731 -0.301654520105824 -1.83432127598288 1.24610377752567 -15.4150513160606 -10.1593176555281 -3.22680589654295
20070831 1.0418538058749 2.77921941643024 0.283398048113374 -4.44943543869432 -8.58367943547039 1.15569603246527
20070928 3.71714995639665 6.13575296444549 6.97984136174195 17.7211857821997 8.34841636801337 4.00886056563735
20071031 11.9651511190483 -0.809971430079524 -0.581386782460877 6.56444718485682 4.37862368098599 2.55108143573614
20071130 1.87049662631393 4.47850113851052 -7.22782624784807 -26.4560775031554 -16.6439546257851 -5.05346348740482
20071231 -1.47644602009655 -1.54720776764601 -2.40529672071047 -18.1048367643346 -10.9660860009596 -0.435245821913111
20080131 -23.1524826279639 -5.48501387813343 -4.72268368027021 12.5210494774067 -1.34632238429937 -6.43316092119868
20080229 -3.98287379629077 -1.21899970341171 -5.55296233925294 -18.1400780838275 -1.67047506747711 -2.22865095792401
20080331 -14.4751821138929 4.58964576266373 11.0446858258026 -20.0527483495252 -13.2438276008531 -1.05262066378024
20080430 0.236919124869526 3.36494532348729 -12.3813054733389 19.7085366754709 36.74558208821 4.9886705605207
20080530 2.38971743620295 0.163865666850863 -6.24617457957773 -29.0559541731872 -19.4501431233327 2.35456135750141
20080630 -2.31089672189109 -3.66224914565007 -12.9077326719627 -39.6730862922178 -34.6225444904312 -8.18903301438774
20080731 -13.5921675647648 6.22139464060443 5.82198503168875 -3.81079724788804 -0.208116412049129 -1.3244320083765
20080829 8.0836853794477 3.47337386453654 -0.673865381364537 -10.1654059726582 -7.34667931375423 1.09834603573848
20080930 -11.0451229157579 -1.64627708311213 -8.50079306836351 -5.65703514883944 15.3509617247687 -10.3207279978997
20081031 -1.9517228026426 -12.1723664746522 -26.7751348785128 -48.9883123496104 -86.4756716462235 -20.4224893034917
20081128 -14.6960590581922 -3.82170569846774 -12.7764055730461 -9.98103905802785 20.5639240863322 -8.90509099692199
20081231 14.1452686175032 2.11135323903971 -3.91972734279938 -49.3170726027271 -16.0989511418788 2.12437452494435
