   2.222  -1.043   4.204
  -4.496  -2.478  -0.590
  -6.093 -12.283  -9.376
   2.244   8.598   5.450
   0.765   3.626  -0.894
   4.227   6.625   8.763
   4.445   0.000   4.712
   1.694   0.000   0.971
   2.264   6.307  -1.953
  -3.184   3.175  -7.062
   2.209   3.077   6.920
   1.644   2.985  -3.768
  -2.098   2.278  -1.048
   4.659   7.796   3.114
   0.648  16.833   1.737
   1.708   7.564  10.435
   5.090  13.890   8.614
  -0.943  -5.023   4.674
   6.297   8.240  16.528
   4.354   3.060   9.496
   4.230   1.900  -2.336
  -5.455  -0.818 -11.128
   6.558   8.655   8.531
   1.886  19.769   2.781
  -0.511   4.083  -3.944
  -1.780   2.762  -1.350
  10.286   0.485  21.730
   3.190  -0.686   2.791
   1.258  -1.588  -2.321
  -4.134  -0.401  -3.341
   1.243  -1.019  -1.320
   7.149   6.926  10.403
   2.368   7.547  -0.752
   1.441   3.515   0.152
  11.327  10.016  19.362
   0.288   3.145  10.984
   5.551  -2.023  14.865
  -0.585   5.179  -4.578
  -0.234   0.155  -2.684
   1.593  11.709   2.490
  -4.373  -1.188   9.102
  10.648  17.267  20.101
   4.461  10.393  15.051
   9.348   3.375   4.658
  -5.011  -4.944  -9.614
 -22.223 -20.954 -35.180
 -14.358 -25.228 -15.647
   2.501  17.709  12.830
   6.060   1.074  17.477
   2.127   6.573   4.879
   7.687   4.814  10.910
  -0.960  -0.413   2.484
  -1.661   7.312  -2.928
 -17.980 -11.108 -17.457
   3.600   0.000   0.533
   0.751   3.966   4.330
 -13.937 -11.935 -18.327
  -9.295 -10.309 -19.138
  -2.208   2.251  -3.793
  -7.713   8.530  -9.681
   4.773   2.469   0.856
  10.828  11.796  17.662
  -7.167  -5.038  -7.873
 -10.078  -2.328  -9.246
 -14.755 -23.817 -12.745
  13.017  17.499  12.801
  -7.706  -9.565  -8.388
   0.943   6.825   1.551
 -35.585 -26.029 -39.475
   8.107  10.810  12.516
 -10.294  -1.653  -9.409
 -15.696  -7.830  -9.298
  -2.874  -4.663 -26.136
   4.946   2.359   2.564
 -12.580  -4.389 -10.677
 -22.622 -18.233 -26.881
 -26.563 -17.733 -43.872
  -0.899  -4.973  10.710
  31.989  18.299  42.286
  31.875  30.097  35.839
  -3.765   2.445 -10.269
 -14.921 -14.197 -19.177
  -6.072 -10.254  -8.480
   5.061  13.588  12.503
   0.723   2.062  -0.823
 -20.388 -18.314 -23.144
   3.302  15.694   4.879
  35.222  23.219  44.469
  14.726   7.796  13.193
  12.376  12.883   7.987
  -9.210   2.920  -8.135
  10.847   5.935  10.705
 -12.061  -9.973 -21.556
  -9.266  -1.623 -10.677
   9.774  11.704  11.935
   2.203  -1.206  -2.020
  10.070   2.934  14.864
  -3.740  -2.062  -8.651
  -0.093  -6.825   8.208
  -2.735   7.250  -3.990
  -8.475  -6.874  -7.859
   2.060   5.555   0.752
 -12.238  -4.486  -9.217
   5.273   2.952   4.715
  -0.548   3.571  -1.191
  -3.239  -1.428  -4.812
   7.961  10.572  15.616
  -0.420   1.637   7.652
  -4.302  -0.658   5.466
  -4.036   4.831  -1.609
  -3.138   1.017  -4.307
   9.133   8.937   8.179
   3.182  -0.866   2.584
   6.565   3.419   5.073
   7.982   3.334  13.231
   2.143  -0.685   6.213
   2.357  -1.386   7.949
   7.238   1.396   6.150
   3.858   1.240   6.125
   3.640   1.483   1.507
   6.346   2.423   2.899
   1.663  -4.906  -1.600
   2.511   3.390  -0.324
  -8.021  -9.700  -7.085
   4.473   2.439   4.779
   3.010   4.419   0.665
   6.584  -4.611  15.415
   0.879   2.257   7.696
   0.125   2.389  -4.325
   7.227   0.257   8.516
   0.406  10.799   6.661
  -0.581  -0.131   5.877
   3.713  -4.538  14.826
   1.447  -1.607  -3.607
  -0.944  -4.645  -4.338
  -8.681   1.629  -8.040
  -1.040  -7.340  -1.170
  -5.434   0.330   0.282
   9.767   6.766   9.896
  -5.695  -6.766 -10.370
 -15.331  -1.511 -15.598
 -10.730  -2.247  -3.129
 -10.662  -8.004   0.000
  -5.173   4.626  -2.699
   1.318   6.887  -4.348
   5.902   4.667   1.887
 -28.827 -10.591 -36.248
  13.206   6.694  15.092
  -4.534   1.783  -3.565
  22.076   9.113  26.299
   7.014   6.312   3.970
  -2.780  -0.614  -0.299
   1.482   1.223   2.256
   7.323   6.817   9.557
  -3.398   0.856  -7.804
   3.702   5.795   1.324
  -7.138  -4.068  -7.765
   3.200   3.662   3.359
 -14.552  -3.465 -18.774
  -0.548  -1.499  -0.733
   6.041   6.788   6.062
  -6.592  -0.354  -9.809
  10.315   6.632  15.635
  -7.411  -9.825  -8.224
  15.236  -1.486  16.733
  -1.470   8.398  -2.774
  -5.035   0.000  -2.467
   2.349   3.882   5.081
  -3.587  -2.939  -6.392
   0.662   5.005  -0.995
   0.984  -0.681   4.815
  -0.491  -1.345  -4.256
 -27.383 -17.650 -21.980
   7.380  -4.879   5.984
   3.059   2.496   6.528
   2.590   0.527   1.109
   0.943   9.036   4.247
   3.864   1.761   0.709
  -4.335   0.633  -4.925
  -0.283   1.720   0.757
  -4.940   0.070  -0.378
  -1.501  -1.489  -0.380
   0.402   3.319  -0.841
  -6.749  -8.535 -11.054
   0.429   6.437  -1.308
   5.210   3.431  13.441
   5.337   2.562  -1.562
  -0.870  -0.714   3.101
  -0.976   2.516  -1.616
  -7.110  -3.185 -14.310
  -4.302   0.323  -3.312
  -4.610  -1.626   2.250
   1.372 -11.841   1.861
  -2.529  -3.789  -4.235
  -6.991  -3.728  -8.108
  -4.468  -0.859  -2.682
   6.201   3.858   8.338
   1.823  10.006   4.784
   3.085   2.806   1.439
   0.699   1.828   0.947
   2.633   0.361   4.969
   6.242   1.987   6.596
  -1.390   5.735  -0.427
   5.038   2.007   5.326
   6.920   7.682  10.863
   4.938   1.132   4.668
   5.139   4.134   5.396
   0.086   0.621  -2.377
   4.389   4.835   4.370
   1.963   0.889   5.379
  -5.578  -1.486  -8.530
   1.022   3.240   1.361
   2.345   1.883   5.521
  -1.334  -1.009  -5.981
  -7.850  -3.240  -4.914
   5.731   4.432   6.880
   1.530  -2.933  -1.022
  -0.253  -2.211  -4.197
   1.678  10.261   3.440
  -1.256  -0.951  -0.349
   3.964   1.386   1.044
   4.975   0.583   5.977
  -2.102   1.264  -1.659
   0.861   3.698   1.658
  -0.312   0.695  -1.059
   0.000  -3.667   3.625
   0.390   6.266   1.605
   3.447   0.678   1.517
   1.421  -1.539  -1.917
   5.980   4.851   9.237
  -4.725  -0.904  -4.451
   8.432   4.372   8.338
   1.139   4.317   1.137
  -0.334  -1.560  -2.807
  -2.025   0.523   2.032
   5.636   1.424   8.269
   4.106   4.061   3.177
   2.987   9.937  -2.353
   3.192   9.449  -1.869
   0.984  -1.873   3.756
   6.738   2.387   5.599
  -7.200   3.279  -5.338
   4.526   5.591  -0.997
   3.692  11.805  -2.423
   2.214   4.719   8.360
  -3.988  -1.626  -4.041
  -2.583   1.222  -1.592
  -7.574  -6.481  -8.361
 -10.703  -8.622  -8.111
  -0.805  -0.953  -5.903
  -1.153   0.299  -5.557
   4.204   0.956   3.578
   2.326   5.046   8.672
  -1.480  -3.922  -3.909
  -1.699  -1.192  -4.693
  -3.967  -7.466  -2.136
  -0.896   4.051  -1.085
   5.126   2.956   4.340
   3.552   4.276   7.133
  -2.832   0.000  -3.674
  -1.380   0.234   0.407
   2.096   1.161   0.000
  -2.893   5.367  -4.197
   2.047   5.596   3.233
  -4.069  -8.248  -3.922
  -4.811   6.672  -5.225
   7.431   4.737  10.949
   2.618   0.709  -3.175
   7.527   3.813  18.590
   0.300   0.000  -1.137
  -5.464  -4.914  -7.247
   0.754   8.115   3.216
  -3.052  -4.962   0.000
   6.559   7.761   8.004
 -11.454  -2.882 -12.595
   3.005   4.843   5.548
   0.132   5.199  -1.621
  -4.022  -4.911  -6.062
   2.966   4.783   6.389
  -2.148   3.014  -2.337
  -3.802   0.000  -5.201
  -0.211  -4.832   0.355
   6.030   9.741   6.612
   1.190   0.000   0.336
   2.337   5.850   1.002
   2.910  11.145   2.000
   0.125  -1.408   5.459
   4.267  16.226   7.523
   1.715   5.319   4.639
   0.992  -0.881   4.704
   0.406   3.708   1.289
   4.412  -1.946   4.493
   3.854   2.160   1.793
  -5.979 -10.393  -6.881
   0.844 -10.009   1.368
   3.199   9.052   3.733
   5.441   2.858   0.730
   0.410  -0.943   2.340
  -0.102   1.060   0.000
   4.510   1.752   5.564
   5.944   5.571   5.381
   0.644  -4.226   6.231
  -1.852  -1.824  -0.899
   4.701   0.611   1.589
  -4.142  -0.244  -3.436
  -2.636  -1.735  -0.233
   6.644   6.766   5.755
   3.854   3.895   6.495
  -0.086  -2.053   4.107
  -1.386  -6.670  -8.719
  -0.262   0.980  -0.445
   3.816   6.867   7.315
   1.545  -3.344  -2.123
  -3.713  -4.966  -5.514
   4.662   0.784   8.475
  -4.405  -1.311  -3.871
   2.290   5.892   4.502
   4.507   9.075   6.494
   1.748  -0.458   0.199
  -1.468  -0.806   0.198
  -1.977  -1.994   1.376
  -0.081   2.111  -1.594
   4.544   6.946  12.090
   3.485   7.136   4.522
  -0.718  -1.392  -5.293
  -1.837   2.763   0.000
  -2.383   1.463   0.361
  -2.685  -5.107   2.700
  -0.326   4.900   2.457
  -1.643  -3.074  -0.521
   2.496   3.283   3.120
  -5.952  -0.418  -3.473
   0.129  -2.985   4.492
   4.970   0.862  10.825
   0.892   3.168  10.322
   0.202   5.553  -1.123
   4.992   5.322   6.096
   0.268   4.320   7.631
   2.976  20.902   7.206
   4.784   0.597  14.256
   3.238   6.726  -4.884
   0.069   4.604  17.054
   5.560  -0.501  -4.445
  -3.459  -4.980  -5.850
   7.986   3.473   6.190
  -1.969   6.123  -3.785
   7.771  17.075   8.255
   4.957  -1.780   3.014
   1.791   2.590   6.220
   0.354   0.403   4.664
  -0.491   6.504  -4.363
   3.704   7.519   6.359
  -0.132  -2.125  -1.914
   7.909  -0.721   3.372
   5.892   1.554  -3.593
  -0.784  -3.994   3.358
   1.129  -1.748  -5.030
  -3.093  -4.376  -6.721
   7.220   4.628  13.953
  -0.066   3.969   8.040
  -3.718  -3.279  -6.252
   3.410   5.001   7.114
   6.696  19.084   9.609
  -0.206   6.832  -3.193
  -6.799   1.521  -7.364
   3.841  13.077   7.161
   5.024   5.078   4.605
  -3.880  -5.899  -3.993
  -4.653  -6.723  -8.276
   0.506   3.044   6.481
  -1.103   4.603  -0.419
   3.466  10.126   2.079
  -4.268  -4.159 -11.415
  -3.319  -1.655   2.978
   1.946   2.140   5.916
   3.628   9.627   8.432
   3.628   5.980   5.188
  -0.127  11.684   3.315
   1.134   1.648   1.809
  -5.779  -6.096  -6.670
  -6.392  -5.029  -7.352
  -3.259  -0.668   0.415
   1.594   3.974   7.573
  -4.235   0.843  -4.917
   4.187   5.269   2.211
  -2.084   2.351  -4.265
   3.038   5.190   0.207
   3.133   1.435  -1.049
   1.485  -0.457   0.840
   2.575   5.644   1.247
   4.220   0.136   4.681
   1.180   0.849   1.186
   4.725   9.237   4.420
   2.505   6.408   3.169
   2.215   2.867   2.357
   5.071  20.440  12.294
   0.379  -6.716  -0.962
  -0.018   5.711   2.701
   0.054   2.613   2.630
   3.805   7.621   2.727
   1.875  18.594  -2.574
  -0.359  -4.794  -0.924
   3.430  -4.567   1.238
  -1.515  -0.703   0.766
  -4.671  -3.110  -3.101
   1.119  -0.610   2.349
   1.312   6.530  12.634
   2.726   0.515   8.371
  -7.414  -5.210 -14.786
   0.913   0.659   4.572
  -1.400   4.902   0.973
  -1.769   3.029  -1.401
   2.650  10.928   0.842
   1.933   3.509   3.706
  -2.508   0.478  -8.628
   2.578   2.309  -2.846
  -6.229  -3.802 -10.738
  -0.243  -0.974  -0.512
   3.948   8.754   2.703
   4.523   6.263   0.000
   6.125   7.000  -4.988
   2.652   6.062  -7.696
   2.522   2.920  -0.190
   0.383   2.697  -5.942
   1.896   2.715   5.557
  -2.927  -2.697  -1.165
   3.227   2.390   4.428
   1.943   6.576   6.560
  -1.989   3.499   6.322
   2.793   8.802  -1.342
   3.860  -1.181   6.221
   0.321  -0.172  -3.884
  -3.862  -6.603  -0.333
   1.614  -0.787  -0.501
  -0.588  -0.794   3.619
  -6.397 -15.996 -11.353
  -8.991 -14.365  -4.279
  -8.538 -14.580  -9.151
   6.162  13.169  10.935
   1.516   2.551   3.152
  -4.941 -11.417  -6.211
   0.443  -2.145   5.890
   9.673  14.315   9.832
   1.340  -2.156   3.289
   4.796   8.300   1.935
  -2.927  -5.581  -7.288
   3.485   5.180   3.213
   4.738   9.671   5.381
   1.423   3.079   6.454
  -2.041  -8.983  -5.506
  -0.347  -0.402  -1.114
   4.760   2.556   4.229
  -1.109   1.617  -2.014
   3.171   8.885   5.365
  -1.060  -1.530  -1.504
   2.415   4.384   6.084
   2.657   6.675   0.857
   0.982   5.081  -2.593
   1.506   4.342   2.508
   0.606  -4.123  -5.749
   1.138   5.346  -1.683
   1.629  -0.627  -0.868
   1.808  -3.196   4.445
  -1.636  -4.482   0.747
   2.832  -0.912   6.816
   0.805  -3.853  -2.120
  -0.520  -1.499   5.692
   0.390  -0.730   1.261
   3.262   9.097   6.361
  -0.148   1.932   0.502
  -1.464  -0.330   0.175
   3.367   6.550   4.664
  -0.777  -1.140  -0.843
  -4.985  -4.274  -6.960
   1.334   4.483   4.587
   2.227   4.391   4.147
   3.151   2.669  11.733
   2.698   3.922   1.062
  -0.880  -1.227  -3.879
   0.891  -5.079   4.218
   0.486  -0.603  -2.793
  -1.803   4.050  -5.141
  -2.206   0.194   1.049
   2.030   7.736   4.792
  -5.566  -2.125  -9.825
  -1.627  -3.013   2.513
  -1.354  -2.821 -10.549
  -8.094  -5.784 -11.648
  -0.702  -0.940   0.762
   4.644   4.466  11.517
   0.312  12.737   2.715
  -0.149  -1.204  -9.465
   7.527   7.266  -0.709
   0.196   7.613  -1.866
   3.865   4.768  -0.845
   4.137   9.612  11.138
  -5.386  -3.587  -9.821
   1.736   6.487   1.757
   4.434   2.039  21.766
  -1.179  -1.368   1.150
   3.226   9.262   3.176
  -2.949   7.931  -5.618
   0.106   3.249  -1.785
   2.594   2.421  -7.450
  -4.484  -5.322  -8.844
  -3.172  -2.245  -0.399
   0.936   5.452  -0.578
   7.875  10.086  10.435
   1.111   5.429  -7.694
   0.908  -0.914  -2.151
  -1.865  -4.333  -2.198
   1.139  -0.919  -0.296
   3.782   0.000   2.088
   0.718  -8.517  10.829
   4.685   8.354   4.753
  -4.251  -5.782  -5.255
  -0.821  -6.136  -1.205
  -4.853  -0.702  -6.228
   3.386   6.794   6.435
   2.125   4.362   5.791
  -0.222  -2.532  -3.647
  -5.718   5.712  -3.895
  -6.207  -4.002  -4.401
   3.929   6.416  -2.797
  -2.534   0.072   2.244
   4.329   4.322  -1.034
  -3.591  -0.695  -4.872
  -1.883   2.079  -2.496
  -7.955  -8.365  -6.842
   5.135   1.832  -2.625
   0.145  -0.515   5.384
  -9.484 -12.744  -3.449
  -6.291  -6.517  -7.087
  -5.132 -10.616   2.639
   7.073   1.371  13.005
   4.350   5.401   2.092
   3.247   9.146   7.985
  -1.147   1.176   1.908
   4.636   4.408   2.725
   5.522   3.360   6.728
   3.968   2.410   5.568
   0.903   3.709   8.565
   3.614   6.054   4.100
   3.565   0.070   9.267
  -4.245  -8.591  -2.472
   0.070  -3.106   1.921
  -4.220  -8.472 -12.943
   3.546   4.711  14.979
  -0.699  -0.082  -0.242
  -4.269  -1.076  -5.430
  -0.255   2.075   2.542
   8.267   9.665   5.256
   1.796   8.948  -1.003
   2.499   0.502  -2.243
   0.589   3.663   6.929
   0.437   0.976   4.537
   1.713   3.338   1.650
  -2.206  -1.457  -3.931
   0.233   2.207  -4.273
   3.387   2.246   5.407
  -0.487  -0.491   0.337
   0.928  -5.304  -3.839
   4.461   1.761   6.588
   1.176   2.774   7.107
  -1.726   8.004  -4.025
  -3.821  -0.599  -4.045
  -0.143   0.000  -3.616
  -4.166  -5.600  -8.490
  -1.906  -3.279   0.421
  -0.659   0.712  -3.028
   3.728  -0.792   8.955
  -3.737  -4.016  -5.951
   3.932 -15.415   6.981
  -0.129   8.272   3.701
 -12.088  -5.174  -2.871
   1.643  -7.136  -0.198
  -1.010  -0.610  -5.087
  -0.363  -2.516  -4.877
  -2.356  -0.897  -4.284
  -3.983  -3.673  -6.178
  -3.413  -6.110  -5.543
  -1.478   0.118   2.861
  -8.098  -5.371 -13.571
  -9.462  -4.113 -12.691
 -12.707 -18.860 -17.956
  15.105  17.351  20.212
  -5.465  -5.642  -2.985
  -2.036  -5.360  -9.457
  11.583  11.381  14.609
   5.817  14.212  14.215
   2.146  -4.205   4.161
   4.618   1.561   0.000
   4.316   3.108  -1.368
   4.337  -2.831  15.581
  -7.005  -9.399 -10.774
  -2.130  -1.190  -2.139
  -3.526   1.068  -4.082
   5.981  11.999   8.961
   2.441   7.213   0.260
  -1.158  -0.943  -3.640
  11.182  13.923  19.399
  -1.147  -0.145  -4.801
   3.023   2.463  -0.894
  -1.106  -3.347   2.353
  -1.446   1.954  -5.497
   4.011   7.550  12.285
  -0.809  -1.685  -4.704
  -0.513   1.369  -2.791
   2.239   2.793   2.929
  -2.248  -3.481  -1.396
  -0.780   0.550  -5.289
   5.117   2.954  10.224
  -5.185  -1.398  -5.070
  -2.190   1.174  -4.596
  -1.413   0.181  -1.849
   0.020  -6.635   9.230
  -2.385  -4.244   0.694
   4.436   7.266   5.032
  -1.635   1.551  -3.834
  -2.126   1.021  -1.856
  -0.248  -2.786  -2.995
  -4.438  -1.447  -2.219
   2.661   3.533   1.091
   0.285   3.535  -0.500
  -6.348  -2.969  -8.633
  -2.507  -4.376  -2.210
   2.462  -6.474   5.277
   8.197  12.178  11.390
   0.422  -1.848   1.189
  -1.775  -0.388  -3.316
   5.251   8.830   6.004
   2.559   4.779   1.159
  -0.729  -5.230  -1.345
  -9.604  -4.712 -10.720
   1.650   3.031   0.577
   1.478  10.220   0.000
   3.898   3.376   2.359
  -3.721  -1.735  -3.372
   5.368   5.038   4.256
   0.167  -0.397   2.317
  -2.669  -2.191   1.415
   3.793  -3.515   1.765
   0.871  -5.066   3.440
   5.172   1.578   2.858
   0.000  -3.267  -3.438
  -7.108  -8.266  -4.793
   4.174   5.816  -3.256
   1.663  -1.350   9.309
   5.602   6.393   8.289
  -0.439  -6.417  -7.649
 -10.735 -13.017  -4.321
   4.032  -1.582  -1.308
   4.552   2.448   5.628
   2.661   5.916   3.961
   6.301  10.494   8.822
   0.582   1.687  -3.160
   2.486  -2.121  -2.086
   1.589   3.825   2.810
   9.747   3.481  13.382
  -3.446  -0.368   0.202
  -4.682  -5.295   0.000
   1.319   1.136   8.599
   3.540  -2.961   1.487
  -2.374  -6.200  -2.073
  -0.166   1.666   0.190
  -1.046  -1.500  -4.790
  -0.221  -3.071  -1.424
  -6.411  -0.249  -8.776
  -5.533  -1.831  -0.359
   4.798  -4.972  -1.146
   3.594   7.227  10.697
  -3.054   4.266  -3.712
  -1.770  11.215   8.555
  -6.246  -1.409   0.598
  -1.022  -3.494   2.047
   3.923   7.261   1.176
  -3.995  -2.986  -3.572
  -2.050  -1.433   4.116
  -2.326   7.925   3.285
  10.973   8.378  13.496
   0.758   3.997   0.464
  10.468   8.488  13.874
   3.548   8.958   8.347
   1.505  10.681   2.536
   3.259   2.690   8.701
   1.882   0.991   4.718
   3.255   2.740  -2.472
   7.225  13.966   6.343
  -1.243  -4.190  -7.902
   3.461   7.779   7.072
  -3.357   0.104  -9.781
   1.126   0.062   2.475
   1.011   5.989   4.026
  -1.529  -0.099  -1.914
   1.728  -6.878  10.754
  -0.887   3.864   2.592
  -0.926  -6.673  -7.525
  -3.964  -2.596  -4.466
   1.341   3.344   6.288
   0.546  -0.219   1.133
  -6.119  -4.542  -4.373
   1.732  -1.873  -0.235
  -1.659   4.620   0.000
  10.105  11.983   7.564
  -0.349   0.403  -0.664
  -0.006   1.180   3.091
  -1.523  -2.334  -2.777
   2.212   1.123   2.232
   7.147  10.220  12.048
   0.864  -0.939   0.469
  -0.293  -5.365  -7.336
  -0.460  -0.395   0.000
   5.264   2.517   3.408
   1.206  -3.864   2.041
  -0.486   5.980   3.571
  -1.206  -2.817  -4.996
  -3.534  -2.196  -4.957
   4.163   4.730   0.217
   6.303   8.112  13.000
   4.407  10.679  11.101
   0.237  -2.606  -2.611
   6.905   0.314   9.682
   5.144   0.413   1.282
  -1.425   3.087  -0.479
   4.901  -1.792   2.059
   1.401  -3.932   2.269
  -6.047 -10.044 -10.399
   6.877   5.399   7.423
  -8.931  -3.111  -8.172
   5.328  -8.432   5.909
   2.125   3.653   8.482
  -2.870  -5.768   4.280
  12.378   7.038  15.332
   3.625   8.805   3.069
   2.605   7.340   2.039
  -1.152   6.449  -1.320
   0.601   0.607   0.482
   4.680   1.551   5.071
   4.709  -0.927   8.587
   3.436   5.130   5.340
  -2.447 -11.057  -1.078
 -24.543 -20.752 -26.094
  -8.921  -9.095 -11.154
   7.033   4.200   4.837
   3.963  -2.743   2.241
   4.097   5.391   0.828
  -3.391  -8.778 -11.088
   0.938   5.205   0.000
   0.317   0.198   3.946
   4.235  12.418   5.162
  -0.542  -1.284  -2.597
  -3.936 -11.045  -5.716
   3.896   3.416   7.971
   2.563   6.094   0.574
  -1.907  -2.498   3.103
   1.458   2.808   0.355
   6.870   6.933   7.790
  -2.937  -6.341  -5.579
   2.060 -10.742  -1.853
   4.888   4.370   9.377
   3.454  -2.815  11.123
  -0.795   2.031  -4.857
   8.468   2.755  12.502
   1.540   2.859  -1.507
  -0.656  -6.961  -1.249
  -2.550  -8.597  -2.011
   1.640  -1.421  11.301
   2.119  -3.651   4.679
  -7.130   4.670  -3.550
   0.850   6.344  -0.048
   2.397   2.143   3.969
  -2.726   2.673  -0.390
   8.800  10.618   8.022
  -0.893  -2.105   0.543
  -0.523  -5.241   3.372
  -9.906  -7.847 -14.431
  -5.254   4.322 -12.035
  -0.672  -0.944  -4.696
   5.820   8.597   5.153
   2.453  -0.552   5.568
   4.068  11.483  10.928
   6.511   2.501   6.810
   2.196 -12.277   2.362
   0.035 -10.037   1.603
   3.785   4.123   9.447
  -4.907  -8.862  -4.298
   4.388   4.159  -1.019
   1.946  -3.176   2.194
  -1.933   6.736  -6.896
   1.179  -5.326  -0.542
  -4.492  -4.731  -6.357
  10.579  -3.857  17.392
  -2.010   1.118  -1.647
   0.951  -2.151   4.387
  -2.207  -3.962  -3.002
   2.751   8.327   1.148
   0.096   1.324  -0.327
  -1.751   7.558   2.489
   3.861  -3.245  -1.621
  -2.429  -7.578  -3.323
   0.907  -7.023   6.336
   0.211 -18.854  -1.936
   2.981   3.792   8.129
   1.006 -30.368   3.401
   0.703   2.208   0.728
   1.043   6.420  -2.349
   1.853  -6.654   6.478
  -2.575  -4.524   1.669
   2.247   9.161   2.318
   0.076  -6.612   3.839
  -0.534 -10.395   2.832
   3.385   3.315  -0.254
  -1.004  -8.553  -1.792
   1.920   9.097   1.166
  -1.299  16.265   1.408
   1.004   4.757   7.082
   3.198   0.000   2.704
  -3.051  -6.159  -2.229
  -4.683   3.256  -4.519
   1.146   5.129  -4.867
   1.234   9.531   4.365
  -2.718  -6.984  -5.718
   3.099   5.182   7.736
   3.695  10.536  -1.249
  -2.727   1.629  -2.576
   2.062   6.768   1.546
  -4.030  -4.812  -6.062
   1.222   3.813  11.119
   2.399  -1.889   0.975
   3.543   4.573   6.120
   2.696   8.742  -0.623
   2.758  14.168   3.637
   3.567  -1.464   3.509
   2.106   3.175  -2.117
   3.129  12.585   4.551
  -0.032  -4.942  -0.212
   3.932  -8.976   8.597
  -0.499   2.868  -0.787
   4.023  -0.387   5.946
   1.729  -5.586   7.648
   3.210  17.177   6.389
   0.691  12.442  -1.642
   0.789  -9.735   3.686
   1.334  -3.197  -0.806
   2.259  -0.605   6.878
   0.226  -7.537   4.721
  -4.683   8.237  -4.769
   1.864   6.505   1.058
   5.278   8.482   9.556
   2.577   3.550   6.127
   7.081  21.364   7.226
  -2.174  -5.067  -4.529
   5.951   3.487   4.572
   0.591  -8.494  -0.606
  -4.354  -4.627  -3.064
   5.677  15.649  11.189
   5.693   7.730   8.419
   4.253   4.244   7.381
   7.525  15.850   7.960
  -5.919  -4.028 -11.411
   5.179   4.461   8.807
  -3.509  -7.338  -5.183
   4.362  10.770  13.377
   1.561  -4.554  -0.271
   1.010  -5.779   5.470
   6.808   5.791   0.322
   4.874  -0.540  10.650
   0.905  10.932  -1.167
  -1.902   1.579  -2.151
   3.868  -2.314   8.614
  -1.169  14.329  -1.260
 -15.732 -16.057 -11.151
   6.030  13.186  -0.172
   7.719  14.465   9.509
   5.745  10.745   3.233
   5.485  11.027  12.443
   4.019  -0.612   2.780
  -3.281  -7.523  -4.447
   3.806   4.323  10.101
   3.724  16.567  -4.862
  -2.529  10.454  -3.562
   5.301  10.815  10.549
  -3.257  -2.795  -3.283
  -0.627  -0.803   2.994
  -2.897  -2.902   5.710
   6.066 -20.828  13.353
   1.888   4.898  -4.048
   5.623   4.563  17.596
