  1.3484
  3.1280
  1.7882
  1.2476
  1.5845
  1.3570
  1.2538
  2.1196
  1.1702
  1.5544
  1.3846
  1.5606
  1.2866
  2.9178
  1.4652
  3.2117
  2.2535
  1.7765
  1.1956
  1.9812
  1.8865
  3.6921
  1.9726
  1.8320
  3.6784
  2.6479
  2.1710
  5.1238
  2.3256
  1.2107
  2.8455
  3.8596
  1.6082
  1.3126
  5.0662
  1.8102
  2.0973
  2.8195
  2.6857
  1.5611
  2.3502
  3.8262
  3.4888
  2.8193
  2.6218
  2.8858
  1.8597
  1.1415
  3.7734
  1.8964
  2.7670
  3.4513
  1.5907
  1.7132
  3.3372
  8.1497
  1.9391
  1.7692
  1.1193
  2.6099
  2.9881
  1.7904
  2.7856
  1.4071
  2.2857
  1.3961
  2.7152
  1.1690
  4.1302
  2.6696
  2.5831
  2.0746
  3.0629
  1.5114
  2.0763
  4.9672
  2.5864
  1.8956
  2.0674
  5.3930
  4.2466
  1.0330
  1.0796
  1.4935
  1.5249
  1.9096
  1.2224
  1.2595
  1.4035
  3.3170
  2.0021
  1.9993
  2.1536
  3.0225
  2.3749
  1.7938
  1.9913
  2.0854
  1.0401
  1.3049
  3.3920
  2.2643
  2.1773
  3.8392
  2.0988
  3.6184
  4.4770
  1.2969
  1.7424
  2.7007
  2.7140
  1.5501
  1.1203
  1.2905
  0.6775
  1.1546
  1.1831
  1.8464
  1.7566
  1.3046
  1.4664
  1.6409
  2.3032
  2.2334
  2.0895
  2.5820
  1.8431
  2.1013
  5.1513
  2.5577
  1.8300
  1.3663
  2.6713
  1.5187
  1.2021
  1.2525
  1.1059
  0.8705
  1.8338
  3.8259
  1.4593
  1.4965
  1.5557
  1.5749
  1.1845
  1.2055
  1.6301
  2.9553
  2.1196
  1.5599
  2.4714
  1.7589
  1.4526
  1.2481
  2.0598
  1.6208
  1.5281
  1.9217
  1.1174
  1.1058
  2.2942
  0.9727
  1.5272
  1.0529
  1.1855
  2.7344
  0.9744
  1.1447
  1.2028
  1.1541
  1.2078
  0.9201
  1.0152
  1.1108
  0.7910
  1.0669
  1.6064
  1.2565
  1.2136
  0.7640
  0.8059
  0.9356
  0.9890
  1.3702
  1.3655
  3.4290
  2.4529
  1.3215
  1.2042
  2.7732
  2.2693
  1.5346
  5.4745
  1.7798
  1.2213
  1.7090
  3.2341
  1.7326
  1.5163
  1.4972
  1.6565
  1.0119
  1.7657
  4.1392
  1.5983
  0.8717
  1.0796
  1.5184
  1.0523
  1.6418
  1.4346
  2.0257
  3.2034
  4.8830
  1.3186
  3.7198
  1.6888
  1.8770
  1.0712
  1.1176
  1.6163
  1.7769
  3.5427
  1.2353
  1.5468
  1.1048
  1.8267
  1.9780
  1.0393
  1.9875
  1.9013
  1.5512
  1.8838
  2.2308
  0.5139
  2.8763
  2.4040
  1.7773
  1.9544
 10.5200
  2.9799
  2.3762
  1.7745
  3.2250
  2.0343
  5.0343
  1.7657
  3.8217
  2.9842
  2.4508
  2.4561
  4.2088
  1.4022
  3.1265
  6.2583
  4.2350
  2.1223
  2.0241
  4.8586
  3.3571
  1.5250
  3.6907
  2.8629
  2.2619
  2.1733
  2.6727
  3.2000
  3.4250
  2.5980
  2.9517
  6.8843
  2.5633
  2.3146
  3.4180
  1.8448
  3.3449
  1.6472
  3.0550
  2.7035
  3.5190
  1.7089
  2.1026
  1.9036
  3.1756
  3.0818
  3.4514
  2.1947
  1.6722
  5.2460
  1.4301
  2.9429
  4.5223
  3.7590
  2.0589
  2.2956
  2.3346
  1.5697
  1.0007
  1.4062
  1.0570
  2.1927
  1.3779
  2.4842
  2.2352
  4.2545
  1.8555
  4.0810
  2.6687
  1.9295
  1.0897
  1.7139
  1.5494
  1.5580
  2.6966
  2.2184
  2.3659
  2.1903
  4.0810
  2.3236
  2.8326
  2.1865
  2.7889
  1.9059
  2.3538
  4.1620
  2.1252
  2.7689
  1.8507
  1.9966
  3.5590
  1.9634
  1.4274
  1.9939
  1.7192
  1.3587
  2.7435
  3.1963
  5.2127
  1.3569
  3.0393
  1.4995
  0.8803
  1.0157
  1.4437
  1.7067
  3.0152
  3.0072
  2.5982
  3.6498
  1.6682
  5.6528
  2.1910
  3.8080
  5.9920
  1.6312
  1.9800
  1.2562
  1.3474
  0.9978
  2.4318
  0.5462
  1.2289
  1.6995
  2.7667
  5.2738
  3.5893
  3.2342
  1.0412
  2.7901
  1.0912
  1.2486
  1.7623
  1.3541
  0.9605
  1.2847
  2.1862
  1.3421
  3.2686
  1.7915
  1.5969
  2.1536
  1.1179
  1.7619
  1.6024
  1.3778
  1.1158
  1.6871
  1.3703
  0.9328
  1.1193
  1.3427
  2.1948
  2.1323
  1.9499
  0.9901
  1.1660
  1.6031
  1.3188
  3.9515
  1.4990
  1.2812
  1.4414
  2.8095
  2.3543
  1.1843
  1.0666
  0.9766
  2.6112
  3.4951
  2.0440
  1.6071
  1.2596
  6.1472
  2.0205
  2.0154
  6.3103
  3.8175
  4.4146
  2.5048
  2.6426
  1.3830
  2.9810
  3.1696
  2.7023
  1.0321
  2.2252
  2.3253
  2.5062
  1.4790
  1.4626
  0.7531
  2.3007
  1.5042
  1.6305
  3.4410
  2.3184
  0.8715
  2.1804
  1.0412
  1.4561
  0.9639
  2.4602
  1.2603
  1.2525
  1.1022
  1.8201
  2.7635
  2.7814
  2.3191
  1.6373
  3.4500
  2.1733
  1.8687
  1.7026
  1.6958
  1.7834
  0.9189
  0.7316
  2.7018
  1.2742
  3.1870
  1.4195
  1.6376
  1.0206
  1.2183
  1.4586
  1.9931
  1.6704
  1.1755
  3.6673
  1.3387
  2.1862
  2.6578
  1.1462
  0.9457
  2.1055
  2.6891
  1.9856
  1.4433
  1.8019
  1.4832
  1.9269
  3.7313
  1.5089
  1.7103
  1.3458
  3.3308
  3.1539
  2.6351
  1.1203
  2.3076
  2.7667
  3.8943
  3.4422
  3.3910
  2.1054
  2.4044
  5.0713
  3.4671
  2.3113
  1.3512
  2.0481
  1.9726
  1.3935
  2.2504
  1.7125
  1.3584
  2.1397
  1.7565
  1.5111
  3.2022
  4.2287
  1.5349
  1.9787
  1.4044
  1.8627
  3.9437
  6.7250
  3.8381
  2.9945
  5.0580
  3.8137
  5.0213
  3.2468
  2.5121
  1.9365
  5.0168
  1.2829
  1.0782
  2.3469
  2.2651
  2.6202
  1.8603
  1.3216
  3.1302
  2.3535
  1.7104
  1.2476
  1.0673
  2.0553
  1.5316
  1.1195
  7.0760
  2.8241
  1.7925
  1.9792
  1.4906
  3.7366
  1.4120
  1.3019
  1.8071
  2.4370
  2.2002
  2.4475
  1.8654
  1.6716
  1.7723
  2.1283
  1.5690
  1.4616
  1.3521
  1.4562
  2.2822
  1.4452
  2.3627
  3.5470
  3.1926
  1.7368
  1.6960
  2.0489
  3.5348
  1.9858
  1.9963
  1.2040
  1.8765
  2.2042
  5.9090
  3.5432
  3.5984
  4.9210
  5.2320
  5.5570
  3.4053
 27.1460
 15.9720
  3.1550
  5.6886
  3.7538
  5.7140
  4.3990
  2.5308
  2.4583
  3.5986
  1.7685
  1.5878
  3.9102
  3.3965
  2.5104
  3.5364
  1.6723
  3.8073
 28.1370
  0.8794
  2.7132
  5.4416
  1.9099
  1.4036
  2.5882
  1.3478
  1.9000
  2.2109
  1.1701
  4.3430
  2.2150
  2.4107
  1.4132
  1.6969
  1.4834
  2.1625
  1.9035
  1.6230
  2.7929
  0.9531
  2.7539
  1.6718
  4.5143
  4.1463
  2.9650
  2.0045
  2.7345
  2.9610
  3.0092
  2.1651
  1.5444
  4.2146
  2.0915
  2.8945
  2.9798
  2.5496
  8.3985
  2.7328
  3.1558
  1.4151
  2.9490
  3.6706
  2.0219
  2.7523
  2.4696
  2.3830
  3.7257
  3.6910
  3.3382
  5.5797
  2.0691
  3.3100
  3.0381
  1.6354
  4.1720
  3.6205
  7.7218
  1.9529
  4.4236
  5.3900
  2.2513
  2.3174
  1.6473
  3.3606
  3.2248
  1.5430
  5.8308
  3.6858
  3.0058
  2.5619
  2.4553
  4.1840
  2.7570
  3.7117
  2.3198
  1.5186
  3.4744
  1.6615
  1.6644
  2.5290
  2.6273
  2.3974
  3.7762
  2.7947
  3.3468
  1.5444
  2.8453
  1.9842
  2.4041
  1.7104
  6.0065
  1.8280
  1.5816
  1.6680
  0.8848
  2.0821
  1.8932
  2.7932
  1.9009
  1.0787
  3.4381
  1.8407
  1.5882
  1.3126
  1.0071
  0.7780
  1.1142
  1.3537
  1.1393
  1.0365
  1.0873
  1.4984
  1.7464
  1.4950
  1.4281
  1.7408
  1.3771
  1.2477
  1.2544
  1.7230
  1.3260
  1.3284
  1.8753
  1.3521
  1.7806
  1.5154
  1.4371
  2.5049
  1.7059
  1.9769
  1.6091
  1.4317
  0.7822
  4.3840
  2.3506
  2.3143
  2.1665
  1.2762
  1.2696
  1.6658
  1.7655
  1.9049
  2.6754
  0.6827
  4.4152
  1.4437
  5.1442
  2.2572
  1.3654
  1.5128
  2.0988
  3.2427
  1.9489
  2.4386
  2.0747
  2.7400
  2.2233
  1.7069
  1.2037
  1.8022
  1.5779
  1.1932
  1.6905
  1.9630
  2.3561
  2.0500
  2.0695
  2.1185
  1.1173
  2.4764
  2.8563
  1.2472
  2.2000
  1.2067
  1.6506
  2.1368
  2.3214
  1.0412
  2.1645
  2.0391
  1.1377
  2.9567
  1.3689
  2.1546
  2.0006
  1.2163
  2.3555
  1.5229
  1.7671
  1.2108
  2.0097
  1.4405
  1.1423
  1.4205
  3.8155
  1.8158
  1.2349
  1.8796
  2.1836
  3.0957
  1.4586
  0.9862
  0.7565
  1.5658
  2.9946
  2.3934
  2.6584
  1.9755
  1.4866
  7.5377
  1.3669
  0.7434
  1.8830
  1.4794
  1.2613
  3.1987
  2.0047
  1.4101
  1.7396
  2.6970
  4.8230
  4.6018
  2.7765
  2.0949
  2.3949
  3.1650
  1.5135
  1.4075
  1.1789
  1.9028
  1.3276
  1.5681
  1.5471
  5.4328
  1.8557
  1.2700
  1.7564
  2.6064
  1.0113
  2.1974
  1.5102
  4.1670
  1.5556
  1.9848
  6.4580
  1.2454
  1.8024
  1.7306
  2.0745
  3.6163
  2.1653
  2.2708
  2.1869
  1.5700
  1.8620
  1.3719
  3.4791
  2.1648
  2.3117
  5.9066
  2.6134
  1.2990
  2.2331
  2.4709
  4.0994
  2.8671
  2.4017
  2.3233
  1.4649
  2.1953
  1.9381
  2.0835
  2.0747
  2.7094
  1.9346
  2.3261
  2.9550
  1.3358
  1.9507
  1.4044
  1.2743
  1.1144
  1.5818
  2.9155
  1.9190
  2.1179
  2.8316
  3.0223
  2.1548
  1.9880
  2.2229
  4.3356
  2.4992
  1.4085
  2.6291
  2.8786
  2.8051
  1.3623
  1.9235
  1.9117
  1.3528
  2.1879
  2.3577
  2.5427
  1.6294
  2.6243
  2.3621
  1.5754
  2.0871
  1.1797
  2.2863
  3.1850
  1.3996
  2.2578
  1.3088
  3.7015
  3.0767
  2.8285
  2.2111
  2.1076
  2.3594
  3.1472
  4.6252
  2.2499
  1.6499
  3.3600
  3.6622
  2.1193
  2.8475
  1.4474
  1.4574
  1.7468
  2.5126
  1.1477
  3.4380
  2.7687
  3.3950
  2.0544
  2.0348
  2.9368
  1.3811
  2.2433
  2.7584
  1.4530
  2.4978
  1.9813
  1.4325
  3.5071
  2.3240
  1.8456
  1.4308
  1.4654
  1.4572
  1.9714
  5.3590
  2.5776
  1.7427
  2.0738
  2.3887
  1.1901
  2.7049
  2.1967
  2.9222
  2.7690
  1.9188
  3.2610
  1.9626
  2.3094
  1.5310
  1.7821
  6.2435
  1.7023
  5.5540
  4.3892
  3.7682
  1.7633
  1.9424
  1.2688
  1.8726
  1.6147
  2.4583
  1.9718
  2.1517
  1.7882
  3.3405
  2.5696
  2.0038
  1.7887
  4.7998
  2.1481
  1.9156
  2.3268
  1.8945
  2.0489
  1.3040
  1.2606
  3.2841
  1.9319
  1.7077
  2.0234
  1.7371
  1.8079
  3.0534
  2.3944
  1.1605
  1.5011
  1.9289
  1.3683
  2.8304
  1.4477
  1.2011
  0.9919
  2.7121
  1.8910
  1.8897
  2.5269
  2.2474
  1.7222
  3.3687
  3.3271
  2.8575
  1.8769
  3.2251
  2.1718
  2.0365
  4.3378
  1.9207
  1.6750
  1.9194
  2.0634
  1.4814
  2.1379
  3.1166
  1.9006
  3.7507
  2.4739
  3.5218
  1.6385
  1.8670
  2.2361
  1.0767
  2.0388
  1.2073
  2.6627
  2.8889
  3.4537
  2.8970
  1.5954
  5.2912
  1.3853
  1.3568
  2.1718
  2.8995
  1.4386
  2.1427
  1.3450
  3.0354
  1.6986
  2.2807
  2.5842
  2.9655
  1.1286
  2.7464
  1.4023
  1.1363
  2.0123
  1.5698
  0.8322
  1.5806
  2.5487
  3.5130
  2.0120
  1.9882
  1.1683
  1.2756
  2.1025
  1.8752
  2.9892
  1.3685
  1.8136
  1.7475
  1.6987
  1.0223
  1.4982
  1.4122
  1.2091
  1.5606
  2.1691
  1.2333
  1.5956
  4.1091
  2.0821
  2.2281
  1.4603
  2.2762
  3.8197
  2.7464
  2.8810
  2.9752
  1.7612
  2.7476
  1.8782
  2.6770
  2.4210
  1.7016
  1.5738
  1.4219
  1.6923
  2.4674
  1.7673
  4.0543
  2.1047
  2.0490
  1.8459
  1.3164
  1.0856
  2.2641
  1.7693
  1.4382
  2.4109
  2.8946
  2.7379
  2.1156
  3.5260
  3.0519
  1.9575
  2.6283
  1.9145
  3.0894
  1.6170
  3.5372
  1.8983
  1.5219
  1.3868
  0.7421
  3.8285
  4.2928
  3.3107
  3.6240
  2.4296
  1.5618
  2.2790
  2.0599
  2.9733
  1.8767
  1.4445
  1.0991
  1.9600
  1.2116
  1.5005
  1.7464
  1.9533
  1.5190
  1.5557
  0.7969
  1.5591
  5.4314
  1.5172
  1.7739
  1.2001
  1.8763
  1.9518
  3.7806
  2.5135
  1.0910
  0.8524
  1.2552
  1.1763
  2.3883
  1.7339
  2.3056
  1.1502
  1.6032
  1.1902
  2.1126
  1.9726
  1.0552
  1.0644
  1.6379
  2.3115
  1.4568
  1.3382
  1.2068
  2.0603
  1.1196
  1.3804
  1.6003
  1.4482
  1.7424
  1.5082
  1.1809
  2.0915
  1.5092
  3.0987
  3.5342
  1.1038
  1.8543
  2.6385
  1.7443
  2.4651
  1.2406
  1.5817
  1.9040
  2.2118
  2.7096
  2.1154
  1.1832
  1.9348
  1.3291
  1.3521
  2.2442
  1.8352
  2.0210
  2.7709
  2.2913
  3.1135
  1.9857
  1.8728
  0.9814
  1.8354
  2.5426
  1.3081
  1.2192
  2.3316
  1.9749
  2.5103
  2.1580
  1.7602
  2.5129
  3.6172
  4.4398
  1.6451
  1.8252
  2.5381
  1.4962
  1.5954
  1.8251
  1.6799
  1.6537
  2.7210
  2.0855
  1.7691
  1.8120
  2.3688
  1.4599
  0.9389
  4.0240
  3.1941
  1.6938
  1.3788
  1.4478
  1.2948
  1.0040
  1.8621
  1.3454
  1.6347
  1.7550
  1.0266
  1.8540
  2.0490
  1.8064
  2.0030
  1.2952
  2.1571
  1.7916
  1.5102
  3.0406
  2.2921
  2.3618
  1.3286
  2.4242
  2.0066
  2.1382
  1.6187
  1.6389
  1.9623
  1.9298
  1.5763
  1.8490
  4.3154
  3.4643
  1.4699
  3.4300
  3.4837
  2.6480
  2.9289
  2.4019
  1.8794
  1.8994
  1.9007
  1.9783
  5.3217
  1.8921
  2.3143
  2.5322
  5.1965
  1.6140
  2.0068
  1.3022
  2.2540
  1.4610
  1.9889
  2.3588
  4.3915
  1.8484
  2.4958
  1.7292
  3.1667
  2.2819
  1.7697
  2.4318
  4.1032
  1.7671
  3.3748
  1.5482
  1.2989
  1.7138
  1.8253
  1.9171
  3.5615
  1.9577
  2.5029
  1.8607
  0.5925
  5.0334
  2.1576
  1.6495
  1.8399
  1.4110
  1.5459
  1.6712
  0.9799
  1.8593
  1.5125
  1.7142
  1.0630
  2.4722
  1.8582
  2.0502
  1.4485
  4.2208
  1.7117
  2.0080
  1.2499
  1.0013
  0.7960
  1.4984
  1.3974
  2.4492
  1.4763
  1.0094
  1.4520
  1.0289
  1.5792
  1.2341
  3.0577
  2.0494
  2.1585
  2.0028
  1.4569
  1.5331
  0.8271
  1.6104
  2.1441
  1.6363
  1.1919
  2.5930
  1.5748
  1.2861
  1.1061
  1.3346
  3.1342
  3.4868
  1.0411
  0.8295
  1.7021
  1.6575
  1.7824
  1.2450
  2.7636
  2.2610
  3.1340
  1.3939
  1.5451
  1.7658
  1.2712
  1.4393
  4.1818
  5.2276
  1.5905
  1.8668
  1.4774
  1.9342
  2.0680
  2.0746
  2.5776
  3.2067
  2.1844
  3.8693
  3.8570
  2.2779
  2.1273
  3.7750
  1.9991
  2.7138
  1.8399
  1.9625
  2.2662
  1.3192
  4.1657
  2.3771
  1.5787
  2.1535
  2.0433
  1.4811
  2.4458
  2.5995
  1.5575
  1.1484
  2.7929
  1.4428
  1.1402
  2.6891
  1.5826
  1.2594
  1.7928
  1.1719
  2.3077
  1.6647
  1.1243
  2.1112
  0.9639
  2.4039
  2.7644
  4.2787
  1.0000
  1.7821
  1.2403
  2.2864
  1.5380
  1.6269
  0.9565
  1.4487
  1.0537
  1.8984
  1.6871
  2.0054
 10.1410
  1.6234
  2.5174
  4.1346
  1.7096
  1.5916
  1.5857
  1.2441
  2.3180
  2.3102
  2.4101
  3.7808
  1.1787
  1.5155
  1.8702
  1.6469
  1.7918
  3.5273
  3.9397
  1.7481
  3.2753
  2.9823
  2.3503
  1.0410
  1.0824
  1.1312
  1.5895
  1.7891
  1.0934
  2.0620
  2.8589
  1.5333
  1.3007
  3.5954
  1.5021
  2.7595
  1.6408
  2.1105
  1.9034
  1.5589
  1.2757
  2.0893
  1.4693
  2.2238
  1.1636
  3.1677
  1.8766
  2.7133
  1.5330
  2.0032
  2.1243
  2.6693
  3.1622
  3.8135
  1.8854
  2.7667
  5.0473
  2.4681
  2.4607
  1.7187
  2.2954
  1.5901
  4.1648
  2.2460
  2.6595
  3.7332
  2.7334
  1.9270
  2.0905
  2.1505
  2.7472
  2.7680
  5.5228
  3.4362
 13.3520
  2.9490
  1.6659
  1.9116
  2.7621
  2.7495
  6.2683
  3.7858
  2.5981
  2.6416
  5.1393
  1.5773
  3.8823
  2.1177
  1.3591
  2.7843
  1.9599
  1.9562
  1.4294
  2.5128
  2.5861
  1.6115
  1.3548
  2.0936
  1.2832
  1.6315
  1.5097
  2.0572
  3.2925
  2.7061
  3.4115
  1.5095
  2.0754
  1.8463
  2.5981
  2.0548
  0.9365
  9.0183
  2.5128
  1.6752
  2.1371
  4.6567
  2.4683
  1.5995
  2.6547
  4.7604
  2.9300
  3.7489
  3.7965
  3.8468
  3.9995
  5.9990
  3.0522
  2.4859
  4.0834
  2.7253
  2.4072
  1.6341
  1.7828
  2.4185
  1.8234
  1.0481
  1.5421
  1.4908
  1.6908
  2.8913
  2.1014
  2.1784
  1.2799
  1.0809
  2.7906
  2.5178
  1.8064
  3.4716
  2.6000
  3.4398
  1.1694
  1.9951
  1.9024
  2.8570
  2.0910
  2.2802
  0.8337
  2.0223
  1.9511
  3.0097
  1.3383
  3.7867
  3.6588
  3.8085
  3.1441
  1.7186
  1.2561
  2.7712
  1.3179
  1.9224
  3.2147
  1.6195
  2.9364
  2.7530
  3.2469
  2.8681
  3.7437
  3.4970
  3.1237
  7.9817
  1.7287
  7.6670
  1.7674
  4.1395
  2.1773
  2.5645
  2.7895
  2.6285
  1.4213
  5.6627
  1.7265
  2.5359
  1.7083
  2.5817
  1.8126
  3.1906
  3.2603
  1.9208
  1.7833
  2.1071
  2.0623
  1.2641
  2.6663
  2.7687
  2.4947
  3.7914
  6.3247
  2.4398
  1.6101
  8.9193
  2.8081
  2.5699
  4.2035
  2.7470
  2.0986
  2.8846
  3.0576
  2.4462
  1.5604
  0.8645
  1.6549
  1.6402
  1.4021
  1.8163
  1.2614
  1.1989
  1.7382
  2.0102
  1.3489
  1.1992
