   9.26910
   9.24650
   9.26390
   9.27840
   9.31470
   9.39320
   9.42300
   9.43420
   9.46270
   9.39070
   9.35310
   9.30260
   9.30760
   9.30610
   9.29380
   9.30190
   9.33650
   9.41500
   9.46160
   9.51500
   9.48960
   9.45200
   9.38290
   9.30360
   9.27450
   9.26800
   9.27230
   9.31070
   9.33830
   9.39620
   9.43000
   9.44940
   9.46640
   9.39740
   9.36930
   9.31220
   9.28310
   9.25990
   9.26860
   9.28720
   9.32190
   9.43810
   9.47730
   9.48780
   9.49960
   9.39920
   9.37470
   9.36040
   9.33440
   9.35300
   9.31610
   9.31000
   9.32660
   9.37150
   9.44690
   9.44270
   9.46490
   9.41160
   9.36130
   9.34030
   9.31330
   9.28290
   9.31370
   9.34150
   9.34540
   9.47460
   9.50050
   9.50410
   9.51000
   9.45120
   9.38370
   9.38270
   9.35470
   9.33800
   9.33280
   9.36900
   9.37580
   9.46390
   9.51380
   9.53020
   9.54160
   9.47980
   9.40810
   9.39660
   9.39540
   9.37490
   9.35310
   9.37530
   9.42420
   9.47900
   9.50990
   9.53040
   9.56730
   9.51540
   9.45000
   9.44420
   9.44410
   9.44060
   9.45050
   9.47630
   9.48200
   9.56800
   9.64170
   9.64420
   9.67020
   9.59300
   9.52450
   9.52110
   9.47210
   9.47570
   9.47600
   9.48480
   9.50230
   9.58070
   9.64500
   9.64480
   9.63050
   9.57080
   9.53190
   9.50090
   9.46230
   9.47090
   9.44920
   9.47160
   9.51330
   9.58970
   9.62150
   9.64540
   9.64640
   9.58250
   9.54850
   9.52110
   9.45080
   9.44920
   9.46950
   9.48200
   9.51310
   9.58770
   9.66680
   9.67720
   9.70840
   9.62710
   9.57210
   9.51980
   9.50230
   9.51490
   9.55320
   9.54880
   9.58800
   9.68300
   9.72540
   9.73420
   9.73930
   9.66830
   9.62690
   9.58360
   9.57250
   9.55990
   9.57980
   9.62420
   9.64790
   9.72450
   9.74650
   9.78710
   9.79780
   9.70650
   9.68150
   9.64710
   9.66780
   9.63190
   9.62900
   9.65510
   9.66810
   9.77100
   9.80250
   9.83500
   9.82090
   9.78650
   9.68430
   9.68270
   9.65030
   9.66100
   9.65420
   9.66050
   9.71160
   9.78310
   9.83060
   9.83210
   9.84010
   9.77140
   9.70730
   9.68050
   9.67860
   9.65780
   9.66910
   9.65710
   9.69620
   9.79510
   9.82280
   9.87190
   9.86640
   9.78450
   9.74430
   9.72900
   9.72920
   9.66810
   9.68810
   9.71690
   9.72560
   9.83730
   9.87150
   9.83730
   9.87440
   9.82730
   9.72300
   9.74030
   9.73420
   9.70780
   9.70990
   9.71860
   9.76840
   9.84300
   9.89160
   9.91410
   9.90500
   9.86630
   9.80320
   9.80500
   9.78050
   9.73940
   9.72410
   9.77010
   9.82140
   9.92030
   9.91560
   9.93870
   9.94470
   9.84490
   9.81800
   9.79150
   9.76960
   9.75590
   9.78040
   9.81660
   9.82450
   9.89910
   9.92290
   9.95770
   9.96850
   9.92790
   9.87150
   9.83230
   9.84110
   9.81280
   9.85440
   9.86250
   9.90170
   9.98570
  10.02840
  10.04990
  10.05980
   9.97220
   9.90800
   9.90600
