year mom day gdpdef
1947 01 01   15.105
1947 04 01   15.329
1947 07 01   15.597
1947 10 01   15.989
1948 01 01   16.111
1948 04 01   16.254
1948 07 01   16.556
1948 10 01   16.597
1949 01 01   16.531
1949 04 01   16.350
1949 07 01   16.256
1949 10 01   16.272
1950 01 01   16.222
1950 04 01   16.286
1950 07 01   16.630
1950 10 01   16.950
1951 01 01   17.582
1951 04 01   17.690
1951 07 01   17.700
1951 10 01   17.896
1952 01 01   17.879
1952 04 01   17.913
1952 07 01   18.119
1952 10 01   18.172
1953 01 01   18.172
1953 04 01   18.206
1953 07 01   18.276
1953 10 01   18.316
1954 01 01   18.375
1954 04 01   18.392
1954 07 01   18.425
1954 10 01   18.477
1955 01 01   18.566
1955 04 01   18.644
1955 07 01   18.783
1955 10 01   18.973
1956 01 01   19.165
1956 04 01   19.276
1956 07 01   19.524
1956 10 01   19.599
1957 01 01   19.876
1957 04 01   20.012
1957 07 01   20.131
1957 10 01   20.133
1958 01 01   20.355
1958 04 01   20.419
1958 07 01   20.553
1958 10 01   20.656
1959 01 01   20.704
1959 04 01   20.704
1959 07 01   20.753
1959 10 01   20.840
1960 01 01   20.931
1960 04 01   21.004
1960 07 01   21.084
1960 10 01   21.146
1961 01 01   21.192
1961 04 01   21.237
1961 07 01   21.303
1961 10 01   21.375
1962 01 01   21.501
1962 04 01   21.533
1962 07 01   21.585
1962 10 01   21.653
1963 01 01   21.702
1963 04 01   21.745
1963 07 01   21.788
1963 10 01   21.951
1964 01 01   22.016
1964 04 01   22.073
1964 07 01   22.160
1964 10 01   22.270
1965 01 01   22.383
1965 04 01   22.480
1965 07 01   22.563
1965 10 01   22.707
1966 01 01   22.855
1966 04 01   23.048
1966 07 01   23.291
1966 10 01   23.505
1967 01 01   23.612
1967 04 01   23.741
1967 07 01   23.975
1967 10 01   24.241
1968 01 01   24.506
1968 04 01   24.763
1968 07 01   25.008
1968 10 01   25.362
1969 01 01   25.626
1969 04 01   25.958
1969 07 01   26.332
1969 10 01   26.675
1970 01 01   27.056
1970 04 01   27.428
1970 07 01   27.647
1970 10 01   28.004
1971 01 01   28.425
1971 04 01   28.798
1971 07 01   29.089
1971 10 01   29.322
1972 01 01   29.781
1972 04 01   29.959
1972 07 01   30.250
1972 10 01   30.652
1973 01 01   31.020
1973 04 01   31.500
1973 07 01   32.114
1973 10 01   32.750
1974 01 01   33.376
1974 04 01   34.162
1974 07 01   35.166
1974 10 01   36.218
1975 01 01   37.050
1975 04 01   37.614
1975 07 01   38.313
1975 10 01   38.987
1976 01 01   39.418
1976 04 01   39.840
1976 07 01   40.385
1976 10 01   41.122
1977 01 01   41.796
1977 04 01   42.401
1977 07 01   42.917
1977 10 01   43.852
1978 01 01   44.505
1978 04 01   45.321
1978 07 01   46.072
1978 10 01   47.047
1979 01 01   47.876
1979 04 01   49.058
1979 07 01   50.115
1979 10 01   51.117
1980 01 01   52.195
1980 04 01   53.349
1980 07 01   54.560
1980 10 01   56.071
1981 01 01   57.517
1981 04 01   58.598
1981 07 01   59.641
1981 10 01   60.729
1982 01 01   61.555
1982 04 01   62.302
1982 07 01   63.182
1982 10 01   63.863
1983 01 01   64.388
1983 04 01   64.853
1983 07 01   65.517
1983 10 01   66.012
1984 01 01   66.837
1984 04 01   67.414
1984 07 01   67.953
1984 10 01   68.385
1985 01 01   69.155
1985 04 01   69.550
1985 07 01   69.838
1985 10 01   70.289
1986 01 01   70.652
1986 04 01   71.015
1986 07 01   71.426
1986 10 01   71.893
1987 01 01   72.487
1987 04 01   72.882
1987 07 01   73.425
1987 10 01   73.958
1988 01 01   74.587
1988 04 01   75.300
1988 07 01   76.141
1988 10 01   76.712
1989 01 01   77.580
1989 04 01   78.324
1989 07 01   78.879
1989 10 01   79.425
1990 01 01   80.375
1990 04 01   81.311
1990 07 01   82.031
1990 10 01   82.646
1991 01 01   83.626
1991 04 01   84.165
1991 07 01   84.762
1991 10 01   85.206
1992 01 01   85.721
1992 04 01   86.190
1992 07 01   86.580
1992 10 01   87.029
1993 01 01   87.707
1993 04 01   88.190
1993 07 01   88.570
1993 10 01   89.038
1994 01 01   89.578
1994 04 01   89.954
1994 07 01   90.530
1994 10 01   90.952
1995 01 01   91.530
1995 04 01   91.859
1995 07 01   92.289
1995 10 01   92.733
1996 01 01   93.328
1996 04 01   93.659
1996 07 01   93.951
1996 10 01   94.450
1997 01 01   95.054
1997 04 01   95.206
1997 07 01   95.534
1997 10 01   95.846
1998 01 01   96.089
1998 04 01   96.249
1998 07 01   96.600
1998 10 01   96.934
1999 01 01   97.328
1999 04 01   97.674
1999 07 01   98.013
1999 10 01   98.432
2000 01 01   99.317
2000 04 01   99.745
2000 07 01  100.259
2000 10 01  100.666
2001 01 01  101.478
2001 04 01  102.252
2001 07 01  102.675
2001 10 01  103.191
2002 01 01  103.568
2002 04 01  103.938
2002 07 01  104.328
2002 10 01  104.907
2003 01 01  105.724
2003 04 01  106.062
2003 07 01  106.611
2003 10 01  107.190
2004 01 01  108.175
2004 04 01  109.178
2004 07 01  109.793
2004 10 01  110.671
2005 01 01  111.765
2005 04 01  112.346
2005 07 01  113.468
2005 10 01  114.525
2006 01 01  115.533
2006 04 01  116.317
2006 07 01  117.107
2006 10 01  117.732
2007 01 01  118.956
2007 04 01  119.547
2007 07 01  119.997
2007 10 01  120.743
2008 01 01  121.508
2008 04 01  121.890
2008 07 01  123.056
2008 10 01  123.244
